ITER  TRAIN  TEST  √MSE TRAIN  R² TRAIN  √MSE TEST  R² TEST
	0     65     13    0.0003      0.9898    0.0009     -0.9537
	1     67     11    0.0003      0.9776    0.0048     0.3870 
	2     53     25    0.0004      0.9493    0.0034     0.3655 
	3     67     11    0.0004      0.9846    0.0005     0.6426 
	4     56     22    0.0004      0.9879    0.0006     0.8324 
	5     57     21    0.0003      0.9906    0.0004     0.8796 
	6     64     14    0.0004      0.9852    0.0003     0.7052 
	7     62     16    0.0003      0.9892    0.0008     0.4939 
	8     65     13    0.0002      0.9941    0.0018     0.6632 
	9     59     19    0.0003      0.9899    0.0007     0.8121 
