ITER  TRAIN  TEST  √MSE TRAIN  R² TRAIN  √MSE TEST  R² TEST
	0     57     21    0.0004      0.9843    0.0003     -1.5787
	1     61     17    0.0003      0.9907    0.0009     0.6010 
	2     60     18    0.0003      0.9883    0.0008     0.2972 
	3     57     21    0.0004      0.9444    0.0035     0.4233 
	4     64     14    0.0003      0.9913    0.0012     0.3582 
	5     66     12    0.0003      0.9878    0.0003     -5.1968
	6     63     15    0.0004      0.9860    0.0008     -0.0973
	7     62     16    0.0004      0.9873    0.0006     0.3821 
	8     65     13    0.0003      0.9883    0.0009     0.0227 
	9     57     21    0.0003      0.9930    0.0014     -2.0097
