del_den glob_den sigd ep del_f del_sig del_ep v_p10 v_p20 v_p30 v_p40 v_p50 v_mean v_p60 v_p70 v_p80 v_p90 v_max v_sum v_std den_p10 den_p20 den_p30 den_p40 den_p50 den_mean den_p60 den_p70 den_p80 den_p90 den_max den_sum den_std den_numloc den_volloc dist_p10 dist_p20 dist_p30 dist_p40 dist_p50 dist_mean dist_p60 dist_p70 dist_p80 dist_p90 dist_max dist_sum dist_std c_10 c_20 c_30 c_40 c_50 c_60 c_70 c_80 c_90 c_len
-0.00003 0.00022 21.87500 0.00120 0.91627 7.81250 0.00040 54.00000 58.00000 65.00000 72.00000 83.00000 196.83271 96.50000 115.50000 139.00000 251.00000 7960.00000 52948.00000 625.88291 0.00000 0.00000 0.00000 0.00000 0.00000 0.00016 0.00000 0.00000 0.00000 0.00000 0.07965 3.18690 0.00186 495.00000 3.18389 206.89474 294.64993 350.54212 401.74286 456.09864 483.76911 513.25003 582.90674 673.43416 800.45909 1257.65756 34931227.40391 225.11987 1.00006 0.99551 0.99100 0.99100 0.98652 0.98652 0.98207 0.98207 0.97765 30.00000
-0.00005 0.00019 29.68750 0.00160 0.88636 7.81250 0.00080 54.00000 59.00000 65.00000 74.90000 85.00000 196.83271 96.50000 115.50000 139.00000 251.00000 7960.00000 52948.00000 625.88291 0.00000 0.00000 0.00000 0.00000 0.00000 0.00016 0.00000 0.00000 0.00000 0.00000 0.08147 3.18690 0.00186 495.00000 3.18389 209.86160 295.09898 352.14757 403.93068 457.19068 484.53681 514.80202 584.85094 679.21748 801.03382 1258.13590 34931227.40391 226.02367 1.00002 0.99454 0.98910 0.98910 0.98370 0.98370 0.97834 0.97834 0.97303 27.55000
-0.00002 0.00014 37.50000 0.00240 0.85646 7.81250 0.00040 53.00000 59.00000 65.00000 75.00000 85.50000 146.34211 96.10000 111.10000 142.00000 233.70000 3902.00000 38927.00000 293.23131 0.00000 0.00000 0.00000 0.00000 0.00000 0.00012 0.00000 0.00000 0.00000 0.00000 0.08477 2.33961 0.00137 473.00000 2.33813 210.28492 298.26877 353.55456 404.10087 458.53876 484.53681 514.80202 584.85094 679.21748 800.45909 1258.13590 34440090.77537 226.02367 1.00023 0.99368 0.98719 0.98719 0.98075 0.98075 0.97436 0.97436 0.96802 25.80000
-0.00001 0.00011 45.31250 0.00280 0.82656 7.81250 0.00030 53.00000 58.10000 64.00000 74.90000 85.00000 130.43145 95.00000 110.00000 135.90000 224.40000 1809.00000 32347.00000 191.28020 0.00000 0.00000 0.00000 0.00000 0.00000 0.00010 0.00000 0.00000 0.00000 0.00000 0.08147 1.94225 0.00121 421.00000 1.94054 210.42412 298.26877 353.55456 404.10087 458.53876 483.65936 513.45878 581.00427 671.32876 790.77352 1257.64452 29627037.58945 222.90237 1.00008 0.99287 0.98571 0.98571 0.97862 0.97862 0.97159 0.97159 0.96462 25.25000
-0.00000 0.00011 53.12500 0.00310 0.79665 7.81250 0.00040 53.00000 58.10000 64.00000 72.00000 80.00000 125.54202 93.10000 109.20000 132.90000 210.40000 1727.00000 29879.00000 174.41050 0.00000 0.00000 0.00000 0.00000 0.00000 0.00009 0.00000 0.00000 0.00000 0.00000 0.08273 1.78254 0.00119 420.00000 1.78180 210.38517 294.70932 350.07255 401.54704 454.76714 478.37588 509.28905 573.90018 660.69621 776.92962 1256.63948 27297425.60916 218.99897 1.00013 0.99300 0.98594 0.98594 0.97893 0.97893 0.97198 0.97198 0.96509 25.20000
-0.00000 0.00010 60.93750 0.00350 0.76675 7.81250 0.00030 53.00000 58.10000 65.00000 72.00000 80.00000 119.99170 93.10000 108.00000 131.00000 197.40000 1578.00000 28918.00000 146.06976 0.00000 0.00000 0.00000 0.00000 0.00000 0.00009 0.00000 0.00000 0.00000 0.00000 0.08273 1.73993 0.00112 412.00000 1.73964 210.38517 292.84025 345.31183 396.05130 448.04547 471.94719 502.94618 564.56077 648.45086 763.66150 1256.63948 26983270.03871 215.51303 1.00013 0.99279 0.98552 0.98552 0.97830 0.97830 0.97115 0.97115 0.96406 25.00000
0.00000 0.00010 68.75000 0.00380 0.73684 7.81250 0.00030 53.00000 58.10000 65.00000 72.00000 80.00000 118.01261 93.10000 108.00000 131.00000 189.30000 1537.00000 28087.00000 146.06976 0.00000 0.00000 0.00000 0.00000 0.00000 0.00009 0.00000 0.00000 0.00000 0.00000 0.08483 1.70118 0.00112 412.00000 1.70061 210.38517 292.84025 345.31183 396.05130 448.04547 471.94719 502.94618 564.56077 648.45086 763.66150 1256.88017 27203540.31463 215.51303 1.00012 0.99197 0.98390 0.98390 0.97590 0.97590 0.96797 0.96797 0.96012 24.50000
0.00000 0.00010 76.56250 0.00410 0.70694 7.81250 0.00040 53.00000 57.70000 64.00000 70.00000 78.00000 118.01261 91.50000 107.50000 131.00000 188.80000 1578.00000 28087.00000 149.20826 0.00000 0.00000 0.00000 0.00000 0.00000 0.00009 0.00000 0.00000 0.00000 0.00000 0.08694 1.70118 0.00112 414.00000 1.70061 210.50503 292.62874 345.09809 395.68167 448.62517 472.04088 503.41234 564.54395 648.43178 763.69567 1263.16776 27203540.31463 216.31326 0.99998 0.99130 0.98271 0.98271 0.97421 0.97421 0.96580 0.96580 0.95748 24.35000
0.00000 0.00010 84.37500 0.00450 0.67703 7.81250 0.00020 53.00000 57.00000 63.60000 70.00000 78.00000 118.97890 91.10000 106.70000 133.00000 188.80000 1615.00000 28198.00000 152.50397 0.00000 0.00000 0.00000 0.00000 0.00000 0.00009 0.00000 0.00000 0.00000 0.00000 0.09092 1.69481 0.00115 414.00000 1.69430 210.50503 292.62874 345.09809 395.68167 448.62517 472.04088 503.41234 564.54395 648.43178 763.69567 1263.78586 27203540.31463 216.43218 1.00007 0.99137 0.98276 0.98276 0.97423 0.97423 0.96579 0.96579 0.95744 24.30000
-0.00000 0.00010 92.18750 0.00470 0.64713 7.81250 0.00030 53.00000 57.70000 64.00000 73.00000 79.00000 119.06504 91.10000 106.70000 133.00000 188.80000 1726.00000 28585.00000 161.48498 0.00000 0.00000 0.00000 0.00000 0.00000 0.00009 0.00000 0.00000 0.00000 0.00000 0.09206 1.74551 0.00115 415.00000 1.74499 210.50503 292.62874 345.09809 395.68167 448.62517 472.04088 501.28940 563.18786 648.43178 763.69567 1264.80164 26308432.97470 216.31326 1.00006 0.99199 0.98400 0.98400 0.97608 0.97608 0.96823 0.96823 0.96046 24.55000
-0.00000 0.00010 100.00000 0.00500 0.61722 7.81250 0.00040 53.00000 58.00000 63.60000 73.00000 79.00000 119.32203 91.00000 108.00000 137.00000 190.30000 1697.00000 28198.00000 157.29784 0.00000 0.00000 0.00000 0.00000 0.00000 0.00009 0.00000 0.00000 0.00000 0.00000 0.09291 1.70904 0.00114 410.00000 1.70773 210.31719 291.08928 343.47815 394.22947 446.04210 470.36460 500.54051 561.88784 644.20366 761.37177 1263.78586 25889397.70778 215.89586 0.99998 0.99129 0.98268 0.98268 0.97417 0.97417 0.96574 0.96574 0.95739 24.25000
0.00000 0.00010 107.81250 0.00540 0.58732 7.81250 0.00020 53.00000 58.00000 63.00000 72.50000 79.00000 119.41702 91.00000 108.00000 124.70000 190.30000 1697.00000 28160.00000 157.40423 0.00000 0.00000 0.00000 0.00000 0.00000 0.00009 0.00000 0.00000 0.00000 0.00000 0.09337 1.70904 0.00114 410.00000 1.70773 211.67593 291.83670 347.05986 397.60182 449.12031 473.03024 501.28940 563.18786 649.77932 766.72048 1264.98804 25889397.70778 215.89586 1.00007 0.99193 0.98385 0.98385 0.97586 0.97586 0.96794 0.96794 0.96009 24.55000
0.00000 0.00010 115.62500 0.00560 0.55742 7.81250 0.00030 53.00000 58.00000 63.00000 72.50000 80.00000 119.41702 91.00000 108.70000 131.20000 190.30000 1691.00000 28160.00000 157.40423 0.00000 0.00000 0.00000 0.00000 0.00000 0.00009 0.00000 0.00000 0.00000 0.00000 0.09638 1.70904 0.00117 405.00000 1.70773 208.77597 290.52485 343.46214 394.16808 446.04210 466.81208 497.24814 556.51139 638.44184 751.88627 1264.46502 25889397.70778 212.77205 1.00009 0.99087 0.98175 0.98175 0.97273 0.97273 0.96380 0.96380 0.95496 23.95000
0.00000 0.00010 123.43750 0.00590 0.52751 7.81250 0.00020 53.00000 58.00000 63.00000 72.50000 80.00000 119.90947 91.00000 105.00000 124.00000 189.60000 1691.00000 28186.00000 164.24989 0.00000 0.00000 0.00000 0.00000 0.00000 0.00009 0.00000 0.00000 0.00000 0.00000 0.09894 1.70926 0.00118 405.00000 1.70869 208.52233 289.71061 343.20196 395.28073 446.76667 471.49668 500.33958 563.68396 648.81704 766.10021 1264.93569 26218963.12983 218.17215 1.00004 0.99130 0.98264 0.98264 0.97408 0.97408 0.96559 0.96559 0.95719 24.20000
0.00000 0.00010 131.25000 0.00610 0.49761 7.81250 0.00030 53.00000 57.90000 62.40000 69.00000 76.00000 119.90947 87.70000 106.00000 124.10000 189.60000 1671.00000 28411.00000 164.24989 0.00000 0.00000 0.00000 0.00000 0.00000 0.00009 0.00000 0.00000 0.00000 0.00000 0.09638 1.72366 0.00118 409.00000 1.72280 208.16925 289.03383 342.53244 391.95791 443.97744 465.56526 495.07839 554.83369 635.82621 750.18565 1264.93569 25941247.07671 213.05069 1.00004 0.99161 0.98326 0.98326 0.97500 0.97500 0.96681 0.96681 0.95871 24.40000
0.00000 0.00010 139.06250 0.00640 0.46770 0.00000 0.00000 53.00000 57.10000 62.00000 69.00000 76.00000 119.87764 87.70000 103.60000 124.10000 182.50000 1764.00000 29138.00000 166.65859 0.00000 0.00000 0.00000 0.00000 0.00000 0.00009 0.00000 0.00000 0.00000 0.00000 0.10190 1.75933 0.00119 409.00000 1.75882 207.70614 288.16128 341.13670 390.73368 443.03113 463.79974 494.04642 554.61989 635.80215 747.55077 1265.42589 27726833.51301 213.05069 1.00002 0.99167 0.98339 0.98339 0.97520 0.97520 0.96708 0.96708 0.95905 24.45000
0.00000 0.00010 139.06250 0.00640 0.46770 7.81250 0.00030 53.00000 57.90000 62.00000 69.50000 78.00000 119.87764 89.50000 106.00000 126.00000 192.40000 1764.00000 29420.00000 166.65859 0.00000 0.00000 0.00000 0.00000 0.00000 0.00009 0.00000 0.00000 0.00000 0.00000 0.10452 1.77344 0.00121 409.00000 1.77276 207.70614 288.16128 341.13670 390.73368 443.03113 463.79974 494.04642 554.61989 635.80215 747.55077 1265.42589 26316100.76319 213.05069 1.00003 0.99078 0.98163 0.98163 0.97258 0.97258 0.96363 0.96363 0.95478 24.00000
0.00000 0.00011 146.87500 0.00670 0.43780 0.00000 0.00000 53.00000 57.00000 62.00000 69.50000 79.00000 126.31579 94.70000 107.00000 133.10000 185.20000 1934.00000 30343.00000 183.14377 0.00000 0.00000 0.00000 0.00000 0.00000 0.00009 0.00000 0.00000 0.00000 0.00000 0.10457 1.85258 0.00125 410.00000 1.85213 209.60582 288.61682 342.59070 393.34176 445.22062 467.02659 497.19152 558.78960 638.38508 751.89900 1265.15831 28377469.36840 213.53311 0.99999 0.99060 0.98131 0.98131 0.97214 0.97214 0.96307 0.96307 0.95410 24.10000
-0.00000 0.00011 146.87500 0.00670 0.43780 7.81250 0.00030 53.00000 57.00000 63.00000 69.00000 79.00000 126.31579 94.70000 107.00000 133.10000 185.20000 2001.00000 30343.00000 185.65957 0.00000 0.00000 0.00000 0.00000 0.00000 0.00009 0.00000 0.00000 0.00000 0.00000 0.10833 1.85258 0.00125 413.00000 1.85213 209.69256 291.32992 345.30851 395.61627 446.76802 470.50169 498.62419 561.86264 643.69493 757.98996 1265.15831 28377469.36840 214.88831 1.00002 0.99119 0.98245 0.98245 0.97380 0.97380 0.96524 0.96524 0.95677 24.20000
-0.00000 0.00011 154.68750 0.00700 0.40789 7.81250 0.00020 53.00000 57.00000 63.00000 69.00000 79.00000 124.58750 90.50000 107.00000 129.00000 185.20000 2001.00000 30190.00000 185.65957 0.00000 0.00000 0.00000 0.00000 0.00000 0.00009 0.00000 0.00000 0.00000 0.00000 0.10833 1.82937 0.00124 411.00000 1.82874 209.72793 291.26566 345.30851 395.61627 447.10589 468.52488 497.87447 559.77390 639.87827 752.62234 1265.73424 28377469.36840 213.53311 1.00002 0.99099 0.98205 0.98205 0.97320 0.97320 0.96445 0.96445 0.95578 24.10000
-0.00000 0.00011 162.50000 0.00720 0.37799 7.81250 0.00020 53.00000 58.90000 63.00000 70.00000 79.50000 122.22672 90.50000 105.40000 125.20000 184.80000 1910.00000 29901.00000 183.05047 0.00000 0.00000 0.00000 0.00000 0.00000 0.00009 0.00000 0.00000 0.00000 0.00000 0.10247 1.80496 0.00121 411.00000 1.80434 209.72793 291.26566 345.30851 395.61627 447.10589 468.52488 497.87447 559.77390 639.87827 752.62234 1265.73424 26874587.04205 213.24891 1.00002 0.99051 0.98111 0.98111 0.97181 0.97181 0.96262 0.96262 0.95354 23.95000
-0.00000 0.00010 170.31250 0.00740 0.34809 7.81250 0.00030 53.00000 58.90000 64.00000 70.50000 80.00000 123.60851 90.50000 107.00000 125.20000 184.80000 1910.00000 29048.00000 183.05047 0.00000 0.00000 0.00000 0.00000 0.00000 0.00009 0.00000 0.00000 0.00000 0.00000 0.10247 1.76172 0.00121 400.00000 1.76132 209.14935 287.83821 340.11875 390.55029 441.27018 466.88410 494.49424 557.96194 639.87827 752.62234 1265.84655 25872364.50285 213.24891 1.00003 0.99085 0.98177 0.98177 0.97278 0.97278 0.96388 0.96388 0.95507 23.95000
0.00000 0.00010 178.12500 0.00770 0.31818 3.12500 0.00010 53.00000 58.50000 64.00000 70.00000 80.00000 122.59322 90.00000 104.40000 125.20000 184.80000 1887.00000 28932.00000 188.43739 0.00000 0.00000 0.00000 0.00000 0.00000 0.00009 0.00000 0.00000 0.00000 0.00000 0.09940 1.74431 0.00117 400.00000 1.74374 209.14935 287.83821 340.11875 390.55029 441.27018 466.88410 494.49424 557.96194 641.31815 755.85024 1265.84655 25872364.50285 215.88766 1.00004 0.99109 0.98224 0.98224 0.97348 0.97348 0.96480 0.96480 0.95622 24.10000
0.00000 0.00010 181.25000 0.00780 0.30622 3.12500 0.00000 53.00000 57.70000 64.00000 69.00000 79.00000 123.01245 90.00000 102.40000 125.30000 186.50000 1887.00000 29048.00000 188.43739 0.00000 0.00000 0.00000 0.00000 0.00000 0.00009 0.00000 0.00000 0.00000 0.00000 0.09741 1.76172 0.00119 403.00000 1.76132 209.58891 291.34489 344.07493 394.04865 446.51000 471.99453 500.78019 562.40632 643.23453 761.11381 1266.10889 26176816.38403 216.27697 1.00017 0.99282 0.98553 0.98553 0.97830 0.97830 0.97114 0.97114 0.96403 25.05000
0.00000 0.00010 184.37500 0.00780 0.29426 3.12500 0.00020 53.00000 57.10000 62.00000 69.00000 78.00000 122.59322 89.00000 102.40000 126.60000 186.50000 1887.00000 29048.00000 187.26771 0.00000 0.00000 0.00000 0.00000 0.00000 0.00009 0.00000 0.00000 0.00000 0.00000 0.09741 1.75449 0.00118 403.00000 1.75398 209.58891 291.34489 344.88106 394.32950 446.87644 471.99453 500.78019 562.40632 643.23453 761.11381 1266.77342 26443545.02155 216.27697 1.00004 0.99091 0.98188 0.98188 0.97294 0.97294 0.96410 0.96410 0.95536 24.10000
-0.00000 0.00010 187.50000 0.00800 0.28230 3.12500 0.00000 53.00000 57.10000 62.00000 69.00000 78.00000 123.01245 90.00000 108.00000 127.00000 193.60000 1710.00000 29048.00000 180.57914 0.00000 0.00000 0.00000 0.00000 0.00000 0.00009 0.00000 0.00000 0.00000 0.00000 0.09809 1.75449 0.00118 402.00000 1.75398 208.93738 291.56783 346.27275 395.86953 448.43255 470.57321 499.17597 561.54000 642.87410 759.42410 1267.01053 26443545.02155 216.01886 0.99999 0.98979 0.97970 0.97970 0.96973 0.96973 0.95987 0.95987 0.95012 23.55000
-0.00000 0.00010 190.62500 0.00800 0.27033 3.12500 0.00030 53.00000 57.10000 62.30000 70.00000 79.50000 122.05042 90.10000 108.00000 127.00000 185.10000 1833.00000 28921.00000 180.57914 0.00000 0.00000 0.00000 0.00000 0.00000 0.00009 0.00000 0.00000 0.00000 0.00000 0.10065 1.73765 0.00117 398.00000 1.73686 208.93738 291.26846 344.88106 394.32950 446.87644 468.80731 498.93671 560.44397 640.41355 755.22459 1266.77342 25812146.56219 215.19581 0.99999 0.98895 0.97804 0.97804 0.96728 0.96728 0.95665 0.95665 0.94616 23.35000
-0.00000 0.00010 193.75000 0.00830 0.25837 3.12500 -0.00010 53.00000 57.00000 62.30000 70.00000 79.50000 121.23305 92.70000 105.00000 128.10000 192.80000 1747.00000 28611.00000 169.17838 0.00000 0.00000 0.00000 0.00000 0.00000 0.00009 0.00000 0.00000 0.00000 0.00000 0.09985 1.72997 0.00117 398.00000 1.72929 208.68539 291.16946 343.47941 391.96797 443.37431 465.41916 496.15677 556.26732 634.55378 746.84471 1265.89554 25812146.56219 212.62646 1.00001 0.98952 0.97916 0.97916 0.96892 0.96892 0.95880 0.95880 0.94880 23.45000
0.00000 0.00010 196.87500 0.00820 0.24641 3.12500 0.00020 53.00000 57.00000 62.30000 70.00000 79.50000 121.23305 92.00000 105.00000 125.40000 188.40000 1747.00000 28427.00000 176.04012 0.00000 0.00000 0.00000 0.00000 0.00000 0.00009 0.00000 0.00000 0.00000 0.00000 0.09985 1.72485 0.00116 398.00000 1.72468 209.09360 291.16946 343.47941 391.96797 443.37431 465.41916 496.15677 556.26732 634.55378 746.84471 1265.89554 25812146.56219 212.62646 1.00012 0.99153 0.98302 0.98302 0.97459 0.97459 0.96624 0.96624 0.95796 24.20000
-0.00000 0.00010 200.00000 0.00840 0.23445 3.12500 0.00020 52.00000 57.00000 63.00000 72.00000 80.00000 122.27660 92.00000 108.00000 128.10000 188.40000 1747.00000 28427.00000 176.04012 0.00000 0.00000 0.00000 0.00000 0.00000 0.00009 0.00000 0.00000 0.00000 0.00000 0.09985 1.72485 0.00116 399.00000 1.72468 209.24806 289.09070 343.31095 393.65711 444.82432 468.67508 497.21545 561.44455 644.64686 755.42862 1265.99416 25772442.92243 215.10087 1.00002 0.99006 0.98021 0.98021 0.97047 0.97047 0.96084 0.96084 0.95132 23.65000
0.00000 0.00010 203.12500 0.00860 0.22249 3.12500 0.00010 52.00000 58.00000 64.00000 72.00000 80.00000 122.37991 91.50000 108.00000 128.00000 181.50000 1935.00000 28333.00000 186.24406 0.00000 0.00000 0.00000 0.00000 0.00000 0.00009 0.00000 0.00000 0.00000 0.00000 0.09689 1.72963 0.00115 398.00000 1.72878 209.24806 290.17827 343.80149 393.65711 444.82432 468.67508 497.21545 561.44455 644.64686 755.42862 1266.82762 25013218.32482 215.61089 1.00006 0.98987 0.97980 0.97980 0.96984 0.96984 0.96000 0.96000 0.95027 23.55000
0.00000 0.00010 206.25000 0.00870 0.21053 3.12500 0.00010 54.00000 58.00000 64.00000 71.00000 80.00000 122.96491 91.50000 108.00000 128.00000 181.50000 2061.00000 28333.00000 186.77280 0.00000 0.00000 0.00000 0.00000 0.00000 0.00009 0.00000 0.00000 0.00000 0.00000 0.09894 1.72963 0.00115 398.00000 1.72878 208.59554 290.17827 343.80149 393.38509 444.74559 467.79831 496.77250 557.84337 639.30377 755.41174 1266.86697 24638936.89724 215.10087 1.00007 0.99029 0.98062 0.98062 0.97105 0.97105 0.96159 0.96159 0.95223 23.70000
0.00000 0.00010 209.37500 0.00880 0.19856 3.12500 0.00010 54.00000 58.70000 64.30000 71.00000 80.00000 122.96491 92.10000 108.00000 125.30000 187.20000 1935.00000 28333.00000 186.77280 0.00000 0.00000 0.00000 0.00000 0.00000 0.00009 0.00000 0.00000 0.00000 0.00000 0.09820 1.72940 0.00115 395.00000 1.72878 208.59554 290.80854 344.32562 393.38509 444.74559 467.79831 496.77250 557.84337 639.30377 755.41174 1266.86697 24638936.89724 215.61089 1.00000 0.99078 0.98166 0.98166 0.97262 0.97262 0.96368 0.96368 0.95483 23.85000
0.00000 0.00010 212.50000 0.00890 0.18660 3.12500 0.00020 54.00000 58.70000 64.30000 71.00000 80.00000 122.96491 94.00000 109.00000 125.30000 190.50000 2007.00000 28513.00000 181.99510 0.00000 0.00000 0.00000 0.00000 0.00000 0.00009 0.00000 0.00000 0.00000 0.00000 0.09820 1.72940 0.00115 395.00000 1.72889 210.55315 290.80854 344.32562 393.38509 444.74559 467.62924 496.77250 557.84337 639.30377 754.10877 1266.32673 25496081.68143 214.18735 1.00013 0.99155 0.98305 0.98305 0.97462 0.97462 0.96628 0.96628 0.95801 24.15000
0.00001 0.00010 215.62500 0.00910 0.17464 3.12500 0.00010 54.00000 58.00000 64.00000 71.00000 80.00000 125.62821 94.90000 109.00000 133.90000 190.50000 2007.00000 29397.00000 181.99510 0.00000 0.00000 0.00000 0.00000 0.00000 0.00009 0.00000 0.00000 0.00000 0.00000 0.09780 1.79131 0.00115 410.00000 1.79079 210.55315 290.32137 343.97718 394.56937 446.01936 472.11580 499.89616 563.96107 650.77569 771.73864 1233.69755 25520691.62515 218.88862 1.00019 0.99164 0.98316 0.98316 0.97477 0.97477 0.96645 0.96645 0.95821 24.15000
0.00000 0.00011 218.75000 0.00920 0.16268 3.12500 0.00010 53.00000 57.00000 63.70000 69.70000 80.00000 136.16738 94.90000 109.00000 133.90000 190.50000 2560.00000 31727.00000 234.92839 0.00000 0.00000 0.00000 0.00000 0.00000 0.00010 0.00000 0.00000 0.00000 0.00000 0.09780 1.93918 0.00122 410.00000 1.93872 210.55315 290.32137 343.97718 394.56937 446.01936 472.11580 499.89616 563.96107 650.77569 771.73864 1233.69755 25520691.62515 218.88862 1.00024 0.99237 0.98458 0.98458 0.97686 0.97686 0.96920 0.96920 0.96162 24.65000
0.00001 0.00012 221.87500 0.00930 0.15072 3.12500 0.00010 53.00000 57.00000 64.00000 69.70000 80.00000 137.95397 94.90000 109.00000 130.80000 193.80000 4507.00000 32971.00000 335.12138 0.00000 0.00000 0.00000 0.00000 0.00000 0.00010 0.00000 0.00000 0.00000 0.00000 0.09433 2.00740 0.00132 415.00000 2.00535 210.01230 290.23432 345.16337 396.47652 449.26257 475.68414 504.59196 571.76887 658.85755 781.38705 1233.69755 27057865.27637 220.65218 1.00031 0.99379 0.98733 0.98733 0.98091 0.98091 0.97455 0.97455 0.96824 25.85000
0.00001 0.00012 225.00000 0.00940 0.13876 3.12500 0.00020 53.00000 57.00000 64.00000 70.00000 79.00000 145.22176 94.90000 109.00000 130.80000 193.80000 5965.00000 34708.00000 412.59858 0.00000 0.00000 0.00000 0.00000 0.00000 0.00011 0.00000 0.00000 0.00000 0.00000 0.09257 2.12318 0.00140 414.00000 2.12062 209.52930 289.72644 345.16337 396.47652 449.26257 475.68414 504.59196 571.76887 658.85755 781.38705 1233.32087 27057865.27637 220.65218 1.00007 0.99407 0.98813 0.98813 0.98224 0.98224 0.97640 0.97640 0.97060 27.30000
0.00001 0.00013 228.12500 0.00960 0.12679 3.12500 0.00010 53.20000 58.00000 64.00000 71.00000 78.00000 158.94515 94.90000 110.40000 140.00000 198.20000 7290.00000 37670.00000 499.34923 0.00000 0.00000 0.00000 0.00000 0.00000 0.00012 0.00000 0.00000 0.00000 0.00000 0.09246 2.32169 0.00155 415.00000 2.31913 207.99018 286.96991 342.12179 393.02537 445.18143 468.73624 498.26358 562.66136 649.78470 765.18283 1232.32195 27057865.27637 216.42072 1.00002 0.99366 0.98738 0.98738 0.98117 0.98117 0.97502 0.97502 0.96895 28.50000
0.00001 0.00014 231.25000 0.00970 0.11483 1.56250 0.00010 53.20000 58.00000 64.00000 70.00000 78.00000 164.07025 93.60000 110.40000 140.00000 198.20000 8268.00000 39705.00000 555.45658 0.00000 0.00000 0.00000 0.00000 0.00000 0.00012 0.00000 0.00000 0.00000 0.00000 0.09069 2.44214 0.00162 426.00000 2.43952 207.99018 286.96991 342.12179 393.02537 445.18143 468.73624 498.26358 562.66136 649.78470 765.18283 1232.24055 26722260.88202 216.06082 1.00021 0.99544 0.99071 0.99071 0.98602 0.98602 0.98136 0.98136 0.97674 30.55000
0.00000 0.00015 232.81250 0.00980 0.10885 1.56250 0.00010 53.00000 58.90000 64.00000 71.00000 78.50000 173.59244 93.60000 110.90000 137.30000 205.50000 10591.00000 41315.00000 708.90053 0.00000 0.00000 0.00000 0.00000 0.00000 0.00013 0.00000 0.00000 0.00000 0.00000 0.09063 2.54472 0.00171 428.00000 2.54284 210.23961 292.10729 347.44465 398.09225 449.90657 473.74855 503.48874 566.74163 653.24047 770.26624 1232.24055 27332358.09940 216.06082 1.00012 0.99534 0.99060 0.99060 0.98590 0.98590 0.98124 0.98124 0.97662 31.45000
0.00000 0.00015 234.37500 0.00990 0.10287 1.56250 0.00010 53.00000 58.00000 64.00000 69.70000 78.50000 173.59244 93.60000 108.90000 134.00000 191.00000 11013.00000 42302.00000 726.90183 0.00000 0.00000 0.00000 0.00000 0.00000 0.00013 0.00000 0.00000 0.00000 0.00000 0.09063 2.60486 0.00175 428.00000 2.60355 210.24870 292.10729 347.55344 398.40753 452.52238 478.12375 507.59151 571.64927 662.51407 786.19502 1258.85900 27885133.23065 222.18277 1.00005 0.99566 0.99131 0.99131 0.98699 0.98699 0.98270 0.98270 0.97845 32.75000
0.00001 0.00015 235.93750 0.01000 0.09689 3.12500 0.00010 53.00000 57.00000 62.00000 68.30000 78.00000 174.80165 91.00000 108.90000 133.40000 205.50000 11604.00000 42968.00000 750.36988 0.00000 0.00000 0.00000 0.00000 0.00000 0.00013 0.00000 0.00000 0.00000 0.00000 0.09063 2.63353 0.00177 430.00000 2.63217 210.23961 292.10729 348.23536 399.93574 453.35522 480.77177 510.03840 577.78315 669.66303 792.88277 1258.85900 30447767.61214 224.61188 0.99998 0.99565 0.99135 0.99135 0.98710 0.98710 0.98288 0.98288 0.97869 35.55000
0.00001 0.00016 239.06250 0.01010 0.08493 1.56250 0.00020 53.00000 57.00000 62.00000 68.30000 78.00000 182.20000 90.30000 105.60000 130.90000 209.00000 12583.00000 46461.00000 816.12788 0.00000 0.00000 0.00000 0.00000 0.00000 0.00014 0.00000 0.00000 0.00000 0.00000 0.09063 2.84433 0.00188 453.00000 2.84246 209.14874 292.09470 348.23536 399.93574 453.35522 481.25157 510.03840 578.52062 670.83103 793.00327 1245.36233 30447767.61214 225.53016 1.00016 0.99559 0.99106 0.99106 0.98657 0.98657 0.98212 0.98212 0.97771 35.65000
0.00000 0.00017 240.62500 0.01030 0.07895 1.56250 0.00010 53.00000 57.00000 62.00000 69.00000 78.00000 198.20165 90.30000 104.00000 127.00000 224.00000 13140.00000 48163.00000 883.64518 0.00000 0.00000 0.00000 0.00000 0.00000 0.00015 0.00000 0.00000 0.00000 0.00000 0.09172 2.95255 0.00196 454.00000 2.95175 209.14874 290.58227 346.27137 399.03694 453.37803 481.25157 510.03840 579.03954 673.29777 797.68965 1245.36233 28998376.04521 226.33128 1.00029 0.99607 0.99188 0.99188 0.98772 0.98772 0.98359 0.98359 0.97950 34.30000
0.00001 0.00017 242.18750 0.01040 0.07297 1.56250 0.00000 53.00000 57.00000 62.00000 71.00000 78.00000 200.64898 90.30000 105.30000 130.90000 224.00000 13261.00000 49159.00000 899.13581 0.00000 0.00000 0.00000 0.00000 0.00000 0.00015 0.00000 0.00000 0.00000 0.00000 0.09206 3.00546 0.00199 454.00000 3.00296 208.53932 290.58227 346.27137 399.03694 455.02000 485.08491 513.69598 582.99939 677.40251 804.85706 1263.15947 28998376.04521 228.46809 1.00015 0.99581 0.99150 0.99150 0.98722 0.98722 0.98298 0.98298 0.97878 34.30000
0.00000 0.00018 243.75000 0.01040 0.06699 1.56250 0.00000 54.00000 57.00000 62.00000 70.30000 78.50000 204.64961 90.40000 105.30000 131.70000 220.40000 13794.00000 51981.00000 922.05052 0.00000 0.00000 0.00000 0.00000 0.00000 0.00016 0.00000 0.00000 0.00000 0.00000 0.09382 3.16386 0.00205 454.00000 3.16090 208.66509 291.54270 346.88252 400.27533 455.51089 485.08491 513.69598 583.44403 678.53190 807.11975 1263.15947 28998376.04521 229.79476 1.00009 0.99575 0.99145 0.99145 0.98718 0.98718 0.98295 0.98295 0.97875 33.30000
0.00001 0.00019 245.31250 0.01040 0.06100 1.56250 0.00010 54.00000 57.00000 63.00000 70.30000 79.00000 218.42562 91.40000 108.00000 137.20000 220.40000 13927.00000 52859.00000 1031.76905 0.00000 0.00000 0.00000 0.00000 0.00000 0.00016 0.00000 0.00000 0.00000 0.00000 0.09382 3.21154 0.00210 459.00000 3.20812 208.47856 291.54270 349.61035 402.65820 457.88865 485.10732 514.23923 583.44403 678.53190 807.11975 1279.91773 31173966.82968 230.06558 1.00021 0.99617 0.99216 0.99216 0.98818 0.98818 0.98423 0.98423 0.98031 33.80000
0.00001 0.00020 246.87500 0.01050 0.05502 1.56250 0.00010 54.00000 58.00000 64.00000 70.30000 79.00000 219.93385 91.40000 114.00000 137.20000 222.40000 14453.00000 56523.00000 1063.01528 0.00000 0.00000 0.00000 0.00000 0.00000 0.00017 0.00000 0.00000 0.00000 0.00000 0.09211 3.41790 0.00218 469.00000 3.41460 208.66509 291.54270 349.69229 404.57272 459.78089 490.01622 518.47907 592.38686 688.08643 817.86546 1281.06631 29849980.04302 232.94542 1.00019 0.99650 0.99283 0.99283 0.98919 0.98919 0.98558 0.98558 0.98198 34.15000
0.00001 0.00021 248.43750 0.01060 0.04904 1.56250 0.00010 54.00000 58.00000 64.00000 72.00000 81.00000 241.11741 95.40000 114.00000 146.40000 230.60000 14532.00000 59556.00000 1148.06648 0.00000 0.00000 0.00000 0.00000 0.00000 0.00018 0.00000 0.00000 0.00000 0.00000 0.09155 3.59143 0.00228 474.00000 3.58785 209.74637 291.18585 349.69229 404.57272 459.78089 490.01622 518.47907 592.38686 688.08643 817.86546 1281.40322 32100335.76423 232.94542 0.99994 0.99623 0.99253 0.99253 0.98887 0.98887 0.98522 0.98522 0.98159 33.65000
0.00001 0.00022 250.00000 0.01070 0.04306 1.56250 0.00020 54.00000 59.00000 64.00000 72.00000 81.00000 244.15564 95.40000 114.80000 146.40000 230.60000 14940.00000 62748.00000 1194.70887 0.00000 0.00000 0.00000 0.00000 0.00000 0.00019 0.00000 0.00000 0.00000 0.00000 0.09155 3.77458 0.00235 483.00000 3.77060 210.32443 290.04817 347.49565 400.89642 455.19519 487.90637 514.97916 589.60390 688.29883 818.22423 1281.40322 32100335.76423 232.54595 1.00020 0.99657 0.99297 0.99297 0.98939 0.98939 0.98583 0.98583 0.98230 35.25000
0.00001 0.00023 251.56250 0.01090 0.03708 1.56250 0.00000 53.80000 59.00000 64.00000 71.00000 80.00000 244.45055 94.00000 114.80000 144.00000 230.60000 15139.00000 66735.00000 1238.32551 0.00000 0.00000 0.00000 0.00000 0.00000 0.00020 0.00000 0.00000 0.00000 0.00000 0.09234 3.99459 0.00244 510.00000 3.98817 210.32443 290.04817 347.49565 400.89642 455.19519 487.90637 514.97916 589.60390 688.29883 818.22423 1281.40322 36215598.54720 232.54595 0.99978 0.99634 0.99293 0.99293 0.98953 0.98953 0.98615 0.98615 0.98279 34.15000
0.00001 0.00024 253.12500 0.01090 0.03110 1.56250 0.00010 53.00000 59.00000 64.00000 71.00000 80.00000 254.66667 94.00000 115.50000 144.00000 228.80000 15416.00000 69524.00000 1290.86985 0.00000 0.00000 0.00000 0.00000 0.00000 0.00021 0.00000 0.00000 0.00000 0.00000 0.09234 4.15379 0.00251 520.00000 4.14690 209.91675 289.00027 347.14643 400.22605 455.19519 487.71276 513.60943 589.60390 688.29883 818.22423 1287.21356 36483637.19733 232.47008 0.99987 0.99651 0.99317 0.99317 0.98985 0.98985 0.98655 0.98655 0.98326 33.90000
0.00002 0.00025 254.68750 0.01100 0.02512 1.56250 0.00020 53.00000 59.00000 65.00000 72.00000 81.00000 257.33929 95.50000 115.50000 149.00000 242.00000 15473.00000 72055.00000 1305.69973 0.00000 0.00000 0.00000 0.00000 0.00000 0.00022 0.00000 0.00000 0.00000 0.00000 0.09348 4.31606 0.00256 523.00000 4.30883 203.65920 284.25798 343.01960 399.05008 456.03643 487.69144 516.89717 594.00802 694.31132 823.94104 1287.42127 37756071.13481 233.75990 1.00003 0.99628 0.99256 0.99256 0.98886 0.98886 0.98518 0.98518 0.98153 33.40000
0.00002 0.00027 256.25000 0.01120 0.01914 1.00000 0.00010 53.00000 59.00000 66.00000 74.50000 84.00000 266.05172 97.00000 116.00000 153.50000 231.00000 15952.00000 77155.00000 1349.55491 0.00000 0.00000 0.00000 0.00000 0.00000 0.00023 0.00000 0.00000 0.00000 0.00000 0.09342 4.60759 0.00266 557.00000 4.60213 203.16417 283.41307 342.53708 397.08802 454.68065 485.40852 515.75905 593.36547 691.83417 819.54285 1299.29509 40873419.32953 234.84656 0.99997 0.99658 0.99320 0.99320 0.98984 0.98984 0.98651 0.98651 0.98318 33.30000
0.00007 0.00030 257.25000 0.01130 0.01531 1.00000 0.00040 54.00000 59.00000 66.60000 75.00000 85.00000 279.47333 98.00000 119.00000 157.50000 242.00000 17974.00000 83842.00000 1439.23239 0.00000 0.00000 0.00000 0.00000 0.00000 0.00025 0.00000 0.00000 0.00000 0.00000 0.09365 4.99994 0.00280 557.00000 4.99124 202.36380 281.17905 341.51227 397.08802 454.90460 487.69144 516.89717 594.00802 694.31132 823.94104 1299.29509 43541144.13219 236.02333 0.99967 0.99609 0.99253 0.99253 0.98898 0.98898 0.98546 0.98546 0.98195 32.35000
0.00021 0.00036 258.25000 0.01170 0.01148 1.00000 0.00050 54.00000 60.00000 66.60000 77.30000 89.00000 306.58457 104.00000 129.40000 174.40000 315.40000 19922.00000 103319.00000 1497.28882 0.00000 0.00000 0.00000 0.00000 0.00000 0.00031 0.00000 0.00000 0.00000 0.00000 0.09530 6.16653 0.00318 648.00000 6.15487 199.60156 277.87831 339.22087 396.09135 454.68065 485.40852 515.75905 593.36547 691.83417 819.54285 1297.04040 55398092.32914 237.14134 1.00017 0.99655 0.99295 0.99295 0.98936 0.98936 0.98581 0.98581 0.98227 33.20000
0.00030 0.00057 259.25000 0.01220 0.00766 1.00000 0.00060 55.00000 62.00000 69.30000 78.00000 90.00000 383.32394 109.00000 139.10000 207.30000 398.70000 27966.00000 163296.00000 1881.45417 0.00000 0.00000 0.00000 0.00000 0.00000 0.00049 0.00000 0.00000 0.00000 0.00000 0.10008 9.79984 0.00420 816.00000 9.76388 191.01100 266.94287 329.37962 386.55201 445.86159 476.46533 506.50943 581.80461 683.52494 814.26262 1295.90104 86264048.63071 237.14134 1.00001 0.99591 0.99184 0.99184 0.98779 0.98779 0.98377 0.98377 0.97977 31.00000
