del_den glob_den sigd ep del_f del_sig del_ep v_p10 v_p20 v_p30 v_p40 v_p50 v_mean v_p60 v_p70 v_p80 v_p90 v_max v_sum v_std den_p10 den_p20 den_p30 den_p40 den_p50 den_mean den_p60 den_p70 den_p80 den_p90 den_max den_sum den_std den_numloc den_volloc dist_p10 dist_p20 dist_p30 dist_p40 dist_p50 dist_mean dist_p60 dist_p70 dist_p80 dist_p90 dist_max dist_sum dist_std c_10 c_20 c_30 c_40 c_50 c_60 c_70 c_80 c_90 c_len
0.00001 0.00028 112.00000 0.01310 0.28581 1.00000 0.00010 620.00000 735.30000 791.40000 836.40000 1000.00000 1730.13043 1095.30000 1383.30000 1878.60000 3058.00000 11819.00000 159172.00000 2043.81896 0.00000 0.00000 0.00000 0.00000 0.00000 0.00023 0.00000 0.00000 0.00000 0.00000 0.16653 9.41853 0.00346 488.00000 9.41261 213.58690 340.55209 435.05230 525.10027 601.16515 597.17635 691.12554 768.06569 846.24530 946.98276 1359.71865 4999560.41181 272.32491 1.00006 0.99230 0.98461 0.98461 0.97699 0.97699 0.96943 0.96943 0.96194 24.65000
0.00004 0.00029 113.00000 0.01320 0.27943 1.00000 0.00010 629.60000 735.30000 793.60000 929.30000 1004.00000 1744.12903 1109.10000 1390.80000 2093.10000 3851.90000 14830.00000 162204.00000 2287.75757 0.00000 0.00000 0.00000 0.00000 0.00000 0.00023 0.00000 0.00000 0.00000 0.00000 0.17530 9.50353 0.00353 497.00000 9.49659 216.69108 340.55209 436.76941 529.14679 607.53843 597.17635 691.12554 768.06569 846.24530 946.98276 1359.71865 4999560.41181 272.32491 1.00014 0.99245 0.98483 0.98483 0.97727 0.97727 0.96977 0.96977 0.96234 24.70000
0.00001 0.00033 114.00000 0.01330 0.27305 1.00000 0.00000 639.20000 716.60000 791.40000 836.40000 1000.00000 1811.33019 1095.30000 1390.80000 2093.10000 3265.30000 19253.00000 182659.00000 2637.56801 0.00000 0.00000 0.00000 0.00000 0.00000 0.00027 0.00000 0.00000 0.00000 0.00000 0.17530 10.79677 0.00377 517.00000 10.78875 216.69108 328.68298 436.76941 529.14679 607.53843 597.32695 699.10581 768.81910 851.25368 951.93278 1344.86853 5244684.66443 274.67488 1.00015 0.99210 0.98411 0.98411 0.97619 0.97619 0.96835 0.96835 0.96057 24.45000
0.00001 0.00033 115.00000 0.01330 0.26668 1.00000 0.00010 629.60000 713.70000 760.00000 862.40000 1010.00000 1842.15842 1177.30000 1452.00000 1966.70000 3761.80000 19253.00000 186058.00000 2637.56801 0.00000 0.00000 0.00000 0.00000 0.00000 0.00027 0.00000 0.00000 0.00000 0.00000 0.16608 10.79677 0.00378 517.00000 10.78875 209.08342 327.85039 430.11212 517.94612 605.73134 594.67922 684.97270 759.81305 847.53367 951.93278 1344.86853 5899879.44587 274.67488 1.00021 0.99303 0.98592 0.98592 0.97885 0.97885 0.97185 0.97185 0.96489 25.00000
0.00002 0.00034 116.00000 0.01340 0.26030 1.00000 0.00010 605.60000 703.30000 758.00000 844.50000 940.00000 1842.15842 1141.10000 1419.60000 1832.90000 3761.80000 28102.00000 192001.00000 3107.37021 0.00000 0.00000 0.00000 0.00000 0.00000 0.00028 0.00000 0.00000 0.00000 0.00000 0.16608 11.22474 0.00386 596.00000 11.21740 209.08342 324.69740 423.48268 508.88324 584.06966 592.11111 676.02629 759.81305 847.53367 953.51222 1356.62852 6648248.97471 276.62205 1.00026 0.99305 0.98590 0.98590 0.97881 0.97881 0.97177 0.97177 0.96478 24.95000
0.00000 0.00037 117.00000 0.01350 0.25392 1.00000 0.00010 605.60000 703.30000 758.00000 859.50000 958.00000 1842.15842 1141.10000 1419.60000 1832.90000 3761.80000 17497.00000 205204.00000 2711.79755 0.00000 0.00000 0.00000 0.00000 0.00000 0.00030 0.00000 0.00000 0.00000 0.00000 0.19498 11.95363 0.00403 614.00000 11.94345 211.97715 320.19701 422.28555 508.88324 584.06966 592.11111 676.02629 759.81305 847.53367 960.14621 1381.80283 7229676.68567 279.88285 1.00013 0.99257 0.98508 0.98508 0.97765 0.97765 0.97028 0.97028 0.96298 24.80000
0.00000 0.00037 118.00000 0.01360 0.24754 1.00000 0.00010 618.40000 703.30000 802.00000 859.50000 958.00000 1818.96460 1115.80000 1308.00000 1725.30000 3546.00000 28490.00000 205543.00000 3140.66462 0.00000 0.00000 0.00000 0.00000 0.00000 0.00030 0.00000 0.00000 0.00000 0.00000 0.19498 11.95363 0.00403 614.00000 11.94345 211.97715 320.19701 422.28555 508.88324 586.34350 592.11111 682.78312 763.62376 851.08326 967.12707 1381.80283 7323735.67997 288.75001 1.00016 0.99253 0.98496 0.98496 0.97746 0.97746 0.97003 0.97003 0.96266 24.80000
0.00002 0.00037 119.00000 0.01370 0.24117 1.00000 0.00010 645.00000 717.50000 831.00000 919.40000 995.00000 1818.96460 1115.80000 1308.00000 1725.30000 3382.60000 29620.00000 205543.00000 3228.71533 0.00000 0.00000 0.00000 0.00000 0.00000 0.00030 0.00000 0.00000 0.00000 0.00000 0.19498 11.95363 0.00405 614.00000 11.94345 187.01025 275.74397 381.00315 491.60769 586.34350 578.67697 682.78312 763.62376 851.08326 967.12707 1329.03870 7334979.93288 288.75001 1.00027 0.99281 0.98540 0.98540 0.97806 0.97806 0.97078 0.97078 0.96356 24.85000
0.00004 0.00039 120.00000 0.01380 0.23479 1.00000 0.00020 661.00000 723.70000 834.60000 935.00000 1024.00000 1840.28244 1120.00000 1485.80000 1937.50000 3360.00000 29705.00000 215734.00000 3228.71533 0.00000 0.00000 0.00000 0.00000 0.00000 0.00031 0.00000 0.00000 0.00000 0.00000 0.16835 12.60344 0.00415 618.00000 12.59308 187.01025 275.74397 379.80384 481.14914 569.21724 578.67697 671.21504 763.62376 851.08326 967.12707 1329.03870 7334979.93288 288.75001 1.00023 0.99316 0.98614 0.98614 0.97918 0.97918 0.97227 0.97227 0.96541 25.10000
0.00001 0.00042 121.00000 0.01400 0.22841 1.00000 0.00010 661.00000 740.00000 834.60000 935.00000 1024.00000 1875.94783 1162.70000 1485.80000 2038.40000 3360.00000 30935.00000 235802.00000 3289.87367 0.00000 0.00000 0.00000 0.00000 0.00000 0.00034 0.00000 0.00000 0.00000 0.00000 0.16835 13.57476 0.00422 649.00000 13.56463 181.64090 275.74397 375.64622 478.21447 563.72587 559.49504 656.35851 743.37579 821.37126 928.43180 1328.68768 7334979.93288 285.21176 1.00021 0.99308 0.98600 0.98600 0.97899 0.97899 0.97202 0.97202 0.96511 25.05000
0.00003 0.00043 122.00000 0.01410 0.22204 1.00000 0.00010 662.40000 740.00000 860.90000 935.00000 1020.50000 1870.21014 1175.20000 1444.80000 2089.10000 3462.40000 29705.00000 241077.00000 2985.54886 0.00000 0.00000 0.00000 0.00000 0.00000 0.00035 0.00000 0.00000 0.00000 0.00000 0.16835 14.17655 0.00426 736.00000 14.16358 168.84827 247.31892 338.24495 451.06919 554.59793 557.17457 665.56428 755.59669 841.29915 948.60515 1357.82158 9897028.49188 293.29906 1.00022 0.99258 0.98501 0.98501 0.97749 0.97749 0.97004 0.97004 0.96266 24.70000
0.00002 0.00046 123.00000 0.01420 0.21566 1.00000 0.00010 622.40000 754.60000 860.90000 926.20000 1019.00000 1922.15827 1206.90000 1434.60000 2089.10000 3810.60000 27871.00000 258089.00000 2988.41008 0.00000 0.00000 0.00000 0.00000 0.00000 0.00037 0.00000 0.00000 0.00000 0.00000 0.16864 15.05911 0.00445 736.00000 15.03823 168.84827 247.31892 327.37523 416.69495 526.72737 552.99200 644.91677 751.30536 841.29915 948.60515 1357.82158 10533942.45204 293.29906 1.00012 0.99226 0.98447 0.98447 0.97674 0.97674 0.96909 0.96909 0.96149 24.55000
0.00003 0.00048 124.00000 0.01430 0.20928 1.00000 0.00010 652.80000 764.40000 829.00000 913.30000 1018.00000 1884.26316 1214.70000 1434.60000 1992.80000 3462.40000 27871.00000 267180.00000 2988.41008 0.00000 0.00000 0.00000 0.00000 0.00000 0.00038 0.00000 0.00000 0.00000 0.00000 0.17234 15.51138 0.00456 737.00000 15.49516 168.37235 247.31892 327.37523 416.51544 526.72737 552.99200 644.91677 751.30536 841.29915 948.60515 1357.82158 10607492.50785 293.29906 1.00021 0.99273 0.98530 0.98530 0.97794 0.97794 0.97064 0.97064 0.96340 24.80000
0.00007 0.00051 125.00000 0.01440 0.20291 1.00000 0.00010 639.60000 754.60000 814.80000 904.10000 1012.50000 1884.26316 1214.70000 1440.90000 1992.80000 3810.60000 27871.00000 286408.00000 2988.41008 0.00000 0.00000 0.00000 0.00000 0.00000 0.00041 0.00000 0.00000 0.00000 0.00000 0.17717 16.71046 0.00469 826.00000 16.68901 173.35856 248.02907 327.37523 416.51544 526.72737 552.99200 639.38606 745.84547 849.76552 972.57266 1353.44479 12461874.80761 294.80276 1.00018 0.99278 0.98544 0.98544 0.97817 0.97817 0.97095 0.97095 0.96379 24.90000
0.00004 0.00058 126.00000 0.01450 0.19653 1.00000 0.00010 652.80000 764.10000 824.50000 913.30000 1012.50000 1884.26316 1214.70000 1538.60000 1983.90000 3213.10000 24301.00000 324136.00000 3150.96277 0.00000 0.00000 0.00000 0.00000 0.00000 0.00046 0.00000 0.00000 0.00000 0.00000 0.17717 18.79660 0.00494 900.00000 18.76383 174.16729 244.35209 319.64222 414.81074 525.50318 548.37575 638.39935 745.84547 859.19198 983.42506 1329.80177 16128827.56904 294.80276 1.00011 0.99239 0.98472 0.98472 0.97713 0.97713 0.96960 0.96960 0.96214 24.70000
0.00006 0.00062 127.00000 0.01460 0.19015 1.00000 0.00010 648.90000 764.10000 824.50000 914.90000 1040.00000 1873.61850 1283.20000 1548.60000 1983.90000 3213.10000 24094.00000 344661.00000 2709.40837 0.00000 0.00000 0.00000 0.00000 0.00000 0.00049 0.00000 0.00000 0.00000 0.00000 0.17717 19.91238 0.00501 971.00000 19.87750 183.62043 261.84547 339.33041 427.05009 526.87098 557.36994 639.26842 753.39228 859.19198 983.42506 1353.44479 16786509.31398 296.34152 1.00007 0.99221 0.98443 0.98443 0.97671 0.97671 0.96907 0.96907 0.96150 24.70000
0.00005 0.00068 128.00000 0.01470 0.18378 1.00000 0.00010 672.40000 782.40000 854.80000 920.20000 1040.00000 1865.58333 1283.20000 1561.00000 1973.80000 3209.40000 24301.00000 380579.00000 2709.40837 0.00000 0.00000 0.00000 0.00000 0.00000 0.00055 0.00000 0.00000 0.00000 0.00000 0.18332 22.12836 0.00524 1065.00000 22.08392 181.94938 251.13447 316.06181 399.41901 510.17935 548.37575 627.28829 753.39228 856.47988 970.71900 1354.00457 23081804.07389 298.90107 1.00010 0.99208 0.98413 0.98413 0.97625 0.97625 0.96845 0.96845 0.96071 24.50000
0.00016 0.00073 129.00000 0.01480 0.17740 1.00000 0.00020 665.00000 782.40000 854.80000 934.00000 1066.00000 1865.58333 1281.30000 1548.60000 1973.80000 3154.60000 24594.00000 406156.00000 2709.40837 0.00000 0.00000 0.00000 0.00000 0.00000 0.00058 0.00000 0.00000 0.00000 0.00000 0.18332 23.51513 0.00548 1117.00000 23.46615 183.62043 256.03281 322.07459 397.96583 487.35221 540.03962 610.37828 731.09980 845.78260 966.01263 1398.68474 26735201.53718 296.34152 1.00007 0.99186 0.98372 0.98372 0.97567 0.97567 0.96769 0.96769 0.95978 24.50000
0.00003 0.00088 130.00000 0.01500 0.17102 1.00000 0.00020 685.40000 785.00000 855.00000 949.00000 1072.00000 1908.55985 1281.30000 1575.00000 1992.70000 3154.60000 27132.00000 494317.00000 3004.34369 0.00000 0.00000 0.00000 0.00000 0.00000 0.00071 0.00000 0.00000 0.00000 0.00000 0.19407 28.73902 0.00589 1313.00000 28.63615 182.88014 251.13447 316.06181 389.74502 486.64850 533.30265 600.62110 720.60789 831.10389 951.42542 1398.68474 35270521.73029 291.86461 1.00010 0.99232 0.98462 0.98462 0.97698 0.97698 0.96941 0.96941 0.96941 24.70000
0.00012 0.00092 131.00000 0.01520 0.16465 1.00000 0.00010 718.00000 785.00000 855.00000 949.00000 1096.00000 1931.12075 1305.50000 1575.00000 2225.00000 3351.00000 27574.00000 511747.00000 3004.34369 0.00000 0.00000 0.00000 0.00000 0.00000 0.00073 0.00000 0.00000 0.00000 0.00000 0.16949 29.67222 0.00612 1319.00000 29.55701 184.67565 251.28614 314.86463 387.91650 485.44369 527.82799 586.83619 695.37891 806.64979 944.12013 1397.39974 37309853.24999 285.40141 1.00007 0.99200 0.98401 0.98401 0.97609 0.97609 0.96825 0.96825 0.96048 24.60000
0.00019 0.00104 132.00000 0.01530 0.15827 1.00000 0.00030 718.00000 785.00000 855.00000 976.10000 1164.50000 1931.12075 1361.30000 1632.40000 2245.00000 3351.00000 27574.00000 581259.00000 2918.80791 0.00000 0.00000 0.00000 0.00000 0.00000 0.00083 0.00000 0.00000 0.00000 0.00000 0.18366 33.69504 0.00642 1515.00000 33.54500 184.67565 251.28614 314.86463 387.91650 471.53254 521.52455 559.25938 667.01047 801.99152 944.12013 1397.39974 46155103.00999 285.40141 1.00007 0.99208 0.98416 0.98416 0.97632 0.97632 0.96855 0.96855 0.96085 24.65000
0.00101 0.00123 133.00000 0.01560 0.15189 1.00000 0.00080 714.20000 819.50000 907.50000 1002.00000 1168.00000 1937.53000 1382.00000 1663.00000 2266.10000 3351.00000 27574.00000 688164.00000 2886.37956 0.00000 0.00000 0.00000 0.00000 0.00000 0.00100 0.00000 0.00000 0.00000 0.00000 0.18366 40.40299 0.00698 1777.00000 40.17530 195.37028 267.64930 332.25319 397.82022 470.30952 514.54964 546.48487 665.90981 788.76325 928.39115 1398.33017 70052219.97411 274.00514 1.00003 0.99131 0.98268 0.98268 0.97414 0.97414 0.96570 0.96570 0.96570 24.30000
0.00010 0.00224 134.00000 0.01640 0.14552 1.00000 0.00010 714.20000 822.20000 914.30000 1034.00000 1227.00000 2096.90436 1469.30000 1831.40000 2570.20000 4151.70000 31790.00000 1249755.00000 2851.40659 0.00000 0.00000 0.00000 0.00000 0.00000 0.00183 0.00000 0.00000 0.00000 0.00000 0.21268 74.03328 0.00948 2889.00000 73.26036 212.64790 285.85456 347.47542 406.82481 471.53254 521.52455 557.74374 643.15680 751.98415 899.01899 1400.71349 180781800.04385 255.76863 1.00000 0.98765 0.97551 0.97551 0.96358 0.96358 0.95184 0.95184 0.94030 23.25000
0.00010 0.00233 135.00000 0.01650 0.13914 1.00000 0.00010 736.80000 830.30000 941.40000 1066.20000 1248.00000 2159.43879 1537.30000 1989.00000 2847.10000 4226.00000 31790.00000 1304478.00000 2851.40659 0.00000 0.00000 0.00000 0.00000 0.00000 0.00191 0.00000 0.00000 0.00000 0.00011 0.21268 77.44811 0.00963 2969.00000 76.45465 213.15156 285.85456 347.47542 406.82481 470.30952 509.79020 540.71421 625.45609 731.76165 874.46353 1400.71349 184545792.29297 250.15300 1.00000 0.96116 0.92498 0.92498 0.89125 0.89125 0.85982 0.85982 0.83050 21.35000
0.00017 0.00243 136.00000 0.01660 0.13276 1.00000 0.00000 736.80000 830.30000 941.40000 1066.20000 1248.00000 2174.92365 1537.30000 1989.00000 2847.10000 4463.80000 33330.00000 1358287.00000 2851.40659 0.00000 0.00000 0.00000 0.00000 0.00000 0.00199 0.00000 0.00000 0.00000 0.00017 0.22201 80.68394 0.00982 3094.00000 79.69936 216.99938 292.69207 355.28336 415.27820 476.63948 514.34712 543.96615 626.16454 731.06054 877.43097 1400.17389 200234946.86503 248.67447 1.00000 0.95817 0.91941 0.91941 0.88351 0.88351 0.85023 0.85023 0.81938 21.25000
0.00024 0.00260 137.00000 0.01660 0.12639 1.00000 0.00020 736.00000 830.30000 941.40000 1056.90000 1248.00000 2174.92365 1543.90000 1989.00000 2847.10000 4561.00000 33812.00000 1452849.00000 3002.71562 0.00000 0.00000 0.00000 0.00000 0.00000 0.00212 0.00000 0.00000 0.00000 0.00046 0.22201 86.03988 0.01016 3247.00000 84.83859 213.24230 285.62451 346.43810 405.10601 467.87415 506.90852 536.77041 619.57494 723.70428 869.06720 1399.92093 229170444.59425 248.36634 1.00000 0.96842 0.93865 0.93865 0.91060 0.91060 0.88414 0.88414 0.85919 21.75000
0.00033 0.00284 138.00000 0.01680 0.12001 1.00000 0.00010 736.00000 828.00000 941.70000 1056.90000 1272.00000 2259.92976 1573.20000 2112.30000 2908.60000 4561.00000 34715.00000 1587684.00000 3052.57632 0.00000 0.00000 0.00000 0.00000 0.00000 0.00233 0.00000 0.00000 0.00000 0.00091 0.22866 94.47030 0.01070 3403.00000 93.05416 217.87854 292.69207 355.28336 414.42992 472.34233 506.21608 534.43840 609.83800 708.15799 855.79050 1398.99621 243038053.44640 243.06028 0.99819 0.99086 0.98359 0.98359 0.97637 0.97637 0.96920 0.96920 0.96208 24.65000
0.00051 0.00317 139.00000 0.01690 0.11363 1.00000 0.00030 742.80000 836.20000 950.80000 1104.00000 1282.50000 2274.61891 1575.60000 2115.20000 3166.20000 4858.90000 39353.00000 1769525.00000 3145.64899 0.00000 0.00000 0.00000 0.00000 0.00000 0.00262 0.00000 0.00000 0.00000 0.00225 0.25848 106.27156 0.01137 3790.00000 104.43076 221.67768 295.34873 354.86633 410.34432 466.45611 499.55818 526.28028 603.50482 705.82684 850.78529 1398.27681 309959141.17879 238.42090 1.00000 0.96902 0.93977 0.93977 0.91215 0.91215 0.88606 0.88606 0.86141 21.75000
0.00038 0.00368 140.00000 0.01720 0.10726 1.00000 0.00010 742.80000 850.70000 960.60000 1130.50000 1365.50000 2476.33297 1699.20000 2210.90000 3191.00000 5007.30000 39353.00000 2054637.00000 3358.29532 0.00000 0.00000 0.00000 0.00000 0.00000 0.00305 0.00000 0.00000 0.00000 0.00415 0.25848 123.48828 0.01219 4170.00000 120.92256 221.67768 295.34873 354.99639 410.93274 467.22201 498.99821 527.43384 598.58373 691.44424 831.88669 1398.99621 337723619.66484 232.79295 0.99849 0.99087 0.98330 0.98330 0.98330 0.97580 0.97580 0.97580 0.96835 24.50000
0.00064 0.00406 141.00000 0.01730 0.10088 1.00000 0.00030 742.90000 850.70000 960.60000 1131.60000 1367.00000 2493.49150 1743.70000 2224.00000 3301.70000 5391.20000 80935.00000 2268321.00000 4069.06156 0.00000 0.00000 0.00000 0.00000 0.00000 0.00338 0.00000 0.00000 0.00000 0.00592 0.25848 136.77293 0.01289 4483.00000 133.71660 221.67768 295.34873 354.99639 410.93274 467.22201 498.60369 527.43384 597.74584 690.54704 829.32532 1387.11605 418230362.60113 231.34542 0.99846 0.99079 0.98318 0.98318 0.98318 0.97562 0.97562 0.97562 0.96813 24.45000
0.00065 0.00470 142.00000 0.01760 0.09450 1.00000 0.00030 743.60000 850.70000 960.60000 1140.90000 1367.00000 2648.18063 1754.70000 2295.00000 3379.10000 5391.20000 79561.00000 2624347.00000 4601.76773 0.00000 0.00000 0.00000 0.00000 0.00000 0.00394 0.00000 0.00000 0.00000 0.00910 0.25979 159.76172 0.01403 4926.00000 155.57658 225.25645 298.87928 358.46305 413.68133 468.82993 498.99821 527.46969 598.58373 687.21462 822.00601 1365.91752 489175094.87408 228.81277 0.99854 0.99094 0.98341 0.98341 0.98341 0.97593 0.97593 0.97593 0.96851 24.50000
0.00105 0.00535 143.00000 0.01790 0.08813 1.00000 0.00040 753.80000 850.10000 994.00000 1188.00000 1439.00000 2839.32953 1815.30000 2331.80000 3409.90000 5918.80000 93853.00000 2989814.00000 4833.87304 0.00000 0.00000 0.00000 0.00000 0.00000 0.00447 0.00000 0.00000 0.00006 0.01183 0.26878 181.11447 0.01506 5298.00000 175.92797 228.74496 303.24063 363.23900 418.85747 474.12009 501.74610 532.38645 599.61373 687.21462 822.00601 1365.91752 555812253.56961 228.81277 0.99837 0.99084 0.98336 0.98336 0.97594 0.97594 0.96857 0.96857 0.96126 24.55000
0.00128 0.00640 144.00000 0.01830 0.08175 1.00000 0.00040 753.80000 865.00000 1000.00000 1188.00000 1471.00000 3127.62992 1825.10000 2604.60000 3809.30000 6467.00000 111478.00000 3574881.00000 5914.72846 0.00000 0.00000 0.00000 0.00000 0.00000 0.00539 0.00000 0.00000 0.00097 0.01701 0.28038 218.48811 0.01670 5911.00000 210.99243 234.38846 310.25881 370.99939 426.74549 482.23380 509.58902 541.08169 608.59238 696.47620 829.39991 1396.62133 669058613.16181 228.19689 0.99840 0.99093 0.98352 0.98352 0.97617 0.97617 0.96887 0.96887 0.96162 24.55000
0.00280 0.00767 145.00000 0.01870 0.07537 2.00000 0.00100 743.80000 850.10000 994.00000 1169.20000 1443.00000 3446.82556 1827.70000 2604.60000 3809.30000 7039.90000 176391.00000 4287851.00000 8679.43530 0.00000 0.00000 0.00000 0.00000 0.00000 0.00648 0.00000 0.00000 0.00290 0.02236 0.28710 262.37671 0.01857 6511.00000 251.85617 234.55842 310.89297 372.46991 428.84497 484.70226 512.56840 543.58582 612.24927 701.51043 838.62938 1400.63332 787973419.61910 230.89410 0.99845 0.99107 0.98374 0.98374 0.97646 0.97646 0.96924 0.96924 0.96207 24.60000
0.00183 0.01048 147.00000 0.01970 0.06262 1.00000 0.00060 737.90000 863.00000 1000.00000 1169.20000 1477.50000 4185.03717 1893.90000 2662.50000 3871.10000 7739.10000 234875.00000 5854867.00000 12869.20888 0.00000 0.00000 0.00000 0.00000 0.00000 0.00889 0.00000 0.00051 0.00876 0.03283 0.30889 360.13780 0.02233 7638.00000 340.76075 243.32718 321.61850 384.63262 442.25412 498.96021 525.37484 558.96117 627.87434 717.45155 850.86472 1396.62133 1023088203.41751 232.56003 0.99807 0.99105 0.98408 0.98408 0.97716 0.97716 0.97028 0.97028 0.96346 24.85000
0.00228 0.01230 148.00000 0.02030 0.05624 1.00000 0.00080 723.40000 846.50000 992.20000 1198.00000 1459.00000 4967.87283 1940.50000 2620.00000 3916.00000 7739.10000 1064580.00000 6875536.00000 30542.82305 0.00000 0.00000 0.00000 0.00000 0.00000 0.01047 0.00000 0.00188 0.01292 0.03880 0.32044 424.12420 0.02460 8261.00000 398.05826 247.70691 328.38283 393.26681 452.94266 511.46706 534.50873 572.23155 641.29526 729.80714 860.64347 1366.08723 1027529171.13308 233.26330 0.99792 0.99094 0.98401 0.98401 0.97712 0.97712 0.97028 0.97028 0.96349 24.85000
0.00295 0.01459 149.00000 0.02110 0.04987 1.00000 0.00100 720.00000 846.50000 984.00000 1198.00000 1459.00000 5760.26572 1940.50000 2620.00000 3916.00000 7212.00000 2060817.00000 8150776.00000 56455.51543 0.00000 0.00000 0.00000 0.00000 0.00000 0.01243 0.00006 0.00455 0.01849 0.04518 0.32408 503.23071 0.02700 9016.00000 468.20983 253.79559 336.82690 404.10414 465.74650 525.53033 547.48674 587.46484 657.62534 747.45220 879.95568 1366.08723 1092189168.44975 237.29560 0.99766 0.99085 0.98410 0.98410 0.97739 0.97739 0.97072 0.97072 0.96410 25.00000
0.00362 0.01754 150.00000 0.02210 0.04349 1.00000 0.00140 714.10000 808.10000 951.00000 1161.70000 1410.50000 7021.29226 1860.30000 2528.50000 3814.10000 6904.10000 3115216.00000 9801724.00000 91226.74902 0.00000 0.00000 0.00000 0.00000 0.00000 0.01496 0.00091 0.00848 0.02509 0.05351 0.34359 605.68747 0.03024 9695.00000 557.34723 260.07286 345.88473 414.66829 477.85269 539.32636 560.83904 602.89400 674.93755 768.33881 901.56313 1400.82171 1092189168.44975 241.48087 0.99745 0.99083 0.98426 0.98426 0.97773 0.97773 0.97125 0.97125 0.96481 25.15000
0.00000 0.02116 151.00000 0.02350 0.03711 1.00000 0.00140 708.80000 801.00000 922.60000 1105.70000 1410.00000 9006.26200 1827.70000 2495.40000 3738.80000 6831.80000 7000652.00000 11825222.00000 193415.21261 0.00000 0.00000 0.00000 0.00000 0.00000 0.01805 0.00330 0.01422 0.03243 0.06287 0.34741 730.98151 0.03365 10392.00000 662.64696 264.77131 354.35790 426.00975 491.10357 553.56847 573.19265 618.18736 691.54954 786.77108 918.40066 1400.82171 1039095207.15832 244.65426 0.99699 0.99056 0.98417 0.98417 0.97783 0.97783 0.97152 0.97152 0.96526 25.30000
0.00332 0.02116 152.00000 0.02490 0.03074 1.00000 0.00270 682.00000 779.30000 900.00000 1083.00000 1354.00000 9006.26200 1751.80000 2344.80000 3735.10000 6642.40000 7000652.00000 11825222.00000 193415.21261 0.00000 0.00000 0.00000 0.00000 0.00000 0.01805 0.00330 0.01422 0.03243 0.06287 0.34741 730.98151 0.03365 10392.00000 662.64696 266.42565 358.27177 432.31484 500.58175 567.93615 588.75185 638.15634 717.99022 818.14124 948.82555 1402.48416 987413758.26432 254.58052 0.99649 0.99025 0.98405 0.98405 0.97789 0.97789 0.97176 0.97176 0.96568 25.45000
0.01070 0.02449 153.00000 0.02760 0.02436 1.00000 0.00270 640.60000 746.70000 856.00000 1016.90000 1235.00000 10294.67871 1583.10000 2217.20000 3253.20000 6140.10000 9164177.00000 13681628.00000 251510.26749 0.00000 0.00000 0.00000 0.00000 0.00046 0.02088 0.00649 0.01940 0.03886 0.07112 0.37915 845.70795 0.03668 10876.00000 755.86413 268.13939 360.06431 434.87415 504.65923 573.75671 595.47334 645.71945 728.25786 832.23368 963.41747 1361.58706 980966104.20328 258.87869 0.99769 0.99097 0.98430 0.98430 0.97768 0.97768 0.97109 0.97109 0.96456 25.10000
0.00560 0.03519 154.00000 0.03030 0.01798 1.00000 0.00390 618.90000 731.00000 836.40000 994.00000 1194.00000 16647.24809 1476.80000 2023.00000 3032.10000 5449.40000 16467151.00000 19660400.00000 479120.59210 0.00000 0.00000 0.00000 0.00023 0.00592 0.02998 0.01821 0.03505 0.05792 0.09450 0.38655 1214.13353 0.04544 12125.00000 1049.19043 271.09923 365.00825 442.84093 516.48419 589.59521 612.34413 666.96627 754.87537 863.47579 993.44620 1370.80846 853350533.64854 268.97331 0.99558 0.98978 0.98402 0.98402 0.97829 0.97829 0.97260 0.97260 0.96694 25.85000
0.00590 0.04078 155.00000 0.03420 0.01161 1.00000 0.00680 609.60000 720.20000 832.90000 994.00000 1194.00000 20383.59928 1463.30000 1947.00000 2740.50000 4812.90000 19911626.00000 22788864.00000 595466.60936 0.00000 0.00000 0.00000 0.00159 0.01033 0.03469 0.02469 0.04279 0.06725 0.10526 0.42791 1404.93269 0.04958 12549.00000 1193.66568 271.55347 365.00825 442.84093 516.48419 589.59521 619.88658 670.82835 764.97174 881.51858 1012.83297 1370.80846 774885999.30530 274.54031 0.99484 0.98924 0.98368 0.98368 0.97815 0.97815 0.97265 0.97265 0.96718 26.05000
