del_den glob_den sigd ep del_f del_sig del_ep v_p10 v_p20 v_p30 v_p40 v_p50 v_mean v_p60 v_p70 v_p80 v_p90 v_max v_sum v_std den_p10 den_p20 den_p30 den_p40 den_p50 den_mean den_p60 den_p70 den_p80 den_p90 den_max den_sum den_std den_numloc den_volloc dist_p10 dist_p20 dist_p30 dist_p40 dist_p50 dist_mean dist_p60 dist_p70 dist_p80 dist_p90 dist_max dist_sum dist_std c_20 c_30 c_40 c_50 c_60 c_70 c_80 c_90 c_100 c_len
0.00000 0.00106 23.67190 0.00144 0.88480 7.81250 0.00035 53.00000 60.00000 71.00000 78.00000 89.00000 1215.96567 104.50000 128.20000 167.90000 322.00000 144571.00000 283320.00000 10547.92690 0.00000 0.00000 0.00000 0.00000 0.00000 0.00091 0.00000 0.00000 0.00000 0.00000 0.75512 18.09519 0.01576 455.00000 18.05058 194.16550 281.99566 354.66149 415.91716 472.55917 509.35411 538.68766 619.22236 741.43215 890.07317 1247.13264 25671447.37302 256.37089 0.99937 0.99564 0.99193 0.99193 0.98823 0.98823 0.98455 0.98455 0.98088 30.05000 
-0.00002 0.00106 31.48440 0.00179 0.84678 7.81250 0.00023 56.00000 61.00000 71.00000 81.00000 91.00000 1249.06926 105.10000 128.20000 183.40000 360.60000 145533.00000 287872.00000 10547.92690 0.00000 0.00000 0.00000 0.00000 0.00000 0.00092 0.00000 0.00000 0.00000 0.00000 0.75512 18.23612 0.01576 455.00000 18.18832 194.52341 282.63514 356.36649 420.03814 478.51068 514.95767 542.18891 623.42078 757.26571 903.77448 1247.97529 27359700.95775 260.82901 0.99924 0.99553 0.99184 0.99184 0.98816 0.98816 0.98451 0.98451 0.98087 30.40000 
0.00001 0.00104 39.29690 0.00202 0.80876 7.81250 0.00032 56.00000 61.00000 70.00000 81.00000 91.00000 1215.96567 105.10000 123.80000 183.40000 336.50000 145533.00000 283320.00000 10539.33624 0.00000 0.00000 0.00000 0.00000 0.00000 0.00091 0.00000 0.00000 0.00000 0.00000 0.75512 18.09519 0.01574 453.00000 18.05058 194.66553 282.93934 356.54518 420.07488 478.64568 517.81325 545.78856 628.57690 757.26571 908.22371 1247.93927 28177414.04947 261.23210 0.99923 0.99551 0.99180 0.99180 0.98811 0.98811 0.98444 0.98444 0.98078 30.05000 
-0.00004 0.00105 47.10940 0.00234 0.77074 7.81250 0.00028 55.00000 61.00000 69.00000 77.30000 89.00000 1229.35345 104.70000 123.00000 184.90000 360.60000 139905.00000 285210.00000 10257.90337 0.00000 0.00000 0.00000 0.00000 0.00000 0.00091 0.00000 0.00000 0.00000 0.00000 0.74442 18.07311 0.01574 447.00000 18.02555 194.52341 284.10335 357.39201 421.24190 478.64568 516.81659 544.97649 625.45835 757.26571 908.15925 1248.36324 27697234.69625 261.23210 0.99948 0.99546 0.99145 0.99145 0.98746 0.98746 0.98349 0.98349 0.97954 29.25000 
0.00004 0.00101 54.92190 0.00263 0.73272 7.81250 0.00018 55.00000 61.00000 69.00000 77.30000 89.00000 1174.55411 104.70000 123.00000 191.70000 425.40000 134562.00000 273439.00000 9839.01130 0.00000 0.00000 0.00000 0.00000 0.00000 0.00087 0.00000 0.00000 0.00000 0.00000 0.74630 17.26610 0.01512 444.00000 17.21933 194.86669 284.10335 357.59347 421.24190 478.86923 517.81325 545.78856 628.57690 758.86254 908.22371 1247.93927 27697234.69625 262.80143 0.99957 0.99554 0.99154 0.99154 0.98755 0.98755 0.98358 0.98358 0.97963 29.30000 
0.00000 0.00105 62.73440 0.00280 0.69470 7.81250 0.00028 56.60000 63.00000 71.80000 82.90000 96.00000 1229.35345 108.20000 134.30000 205.60000 425.40000 139905.00000 285210.00000 10257.90337 0.00000 0.00000 0.00000 0.00000 0.00000 0.00091 0.00000 0.00000 0.00000 0.00000 0.74442 18.07311 0.01586 444.00000 18.02555 194.86669 284.10335 357.59347 421.90089 479.81292 518.20786 546.58973 629.86646 763.30638 909.84396 1247.76472 27532383.37258 263.03616 0.99914 0.99527 0.99141 0.99141 0.98758 0.98758 0.98376 0.98376 0.97996 29.70000 
0.00000 0.00105 70.54690 0.00308 0.65668 7.81250 0.00028 56.80000 63.00000 71.80000 83.00000 96.00000 1282.27354 108.30000 137.20000 205.60000 373.20000 139624.00000 285947.00000 10401.39060 0.00000 0.00000 0.00000 0.00000 0.00000 0.00091 0.00000 0.00000 0.00000 0.00000 0.71353 18.13183 0.01584 444.00000 18.09086 194.86669 283.30108 357.59347 421.22015 479.81292 518.20786 546.58973 629.86646 763.30638 909.84396 1247.22015 27058083.57866 263.03616 0.99915 0.99527 0.99141 0.99141 0.98756 0.98756 0.98373 0.98373 0.97992 29.65000 
-0.00001 0.00105 78.35940 0.00336 0.61866 7.81250 0.00018 56.80000 63.00000 70.20000 83.00000 93.00000 1282.27354 108.30000 134.30000 192.00000 364.30000 146157.00000 285947.00000 10542.71150 0.00000 0.00000 0.00000 0.00000 0.00000 0.00091 0.00000 0.00000 0.00000 0.00000 0.71353 18.13183 0.01584 444.00000 18.09086 194.31091 281.36309 356.19614 420.48483 478.51070 513.56835 541.58014 620.08908 744.15317 903.08886 1247.43056 26814430.74581 260.77175 0.99922 0.99523 0.99127 0.99127 0.98733 0.98733 0.98340 0.98340 0.97949 29.45000 
0.00000 0.00104 86.17190 0.00354 0.58064 7.81250 0.00027 55.00000 62.10000 70.00000 80.10000 92.50000 1239.74672 107.30000 130.10000 191.50000 373.20000 139624.00000 283902.00000 10401.39060 0.00000 0.00000 0.00000 0.00000 0.00000 0.00091 0.00000 0.00000 0.00000 0.00000 0.76986 17.99613 0.01562 446.00000 17.95232 194.31091 281.36309 356.19614 420.48483 478.51070 513.56835 541.58014 620.08908 744.15317 903.08886 1247.24195 26814430.74581 260.77175 0.99891 0.99513 0.99138 0.99138 0.98764 0.98764 0.98391 0.98391 0.98021 30.00000 
-0.00007 0.00104 93.98440 0.00381 0.54262 3.12500 -0.00009 55.00000 61.00000 70.00000 79.40000 89.00000 1236.44255 104.90000 122.80000 184.00000 353.20000 146157.00000 283902.00000 10542.71150 0.00000 0.00000 0.00000 0.00000 0.00000 0.00091 0.00000 0.00000 0.00000 0.00000 0.77082 17.99613 0.01562 453.00000 17.95232 196.21406 285.93173 358.98408 421.49512 480.45238 516.44168 544.37042 621.94538 750.97871 907.62487 1247.24195 28399127.97658 260.77175 0.99878 0.99500 0.99124 0.99124 0.98749 0.98749 0.98376 0.98376 0.98005 30.00000 
0.00002 0.00098 97.10940 0.00371 0.52741 3.12500 0.00012 55.00000 61.10000 70.00000 79.00000 89.00000 1138.60086 105.30000 130.10000 186.60000 386.60000 136245.00000 265294.00000 9596.95008 0.00000 0.00000 0.00000 0.00000 0.00000 0.00084 0.00000 0.00000 0.00000 0.00000 0.77082 16.74898 0.01515 461.00000 16.70795 196.21406 285.93173 358.98408 421.49512 480.45238 517.50925 544.86985 631.57360 761.75956 910.47526 1247.24195 28399127.97658 262.04445 0.99916 0.99539 0.99164 0.99164 0.98791 0.98791 0.98419 0.98419 0.98049 30.25000 
-0.00002 0.00099 100.23440 0.00384 0.51220 3.12500 0.00015 55.00000 61.00000 70.00000 78.00000 89.00000 1138.60086 105.30000 133.60000 186.60000 378.80000 142876.00000 270447.00000 9804.79651 0.00000 0.00000 0.00000 0.00000 0.00000 0.00086 0.00000 0.00000 0.00000 0.00000 0.75785 17.15231 0.01512 461.00000 17.10492 195.65759 283.81428 355.97120 418.73425 478.13543 516.44168 544.37042 621.94538 750.97871 907.62487 1247.09696 28399127.97658 260.48999 0.99909 0.99506 0.99106 0.99106 0.98707 0.98707 0.98311 0.98311 0.97916 29.40000 
0.00002 0.00098 103.35940 0.00399 0.49700 3.12500 0.00013 55.00000 60.00000 67.90000 79.00000 92.00000 1111.71008 105.70000 141.00000 199.50000 386.60000 132615.00000 265294.00000 9497.20402 0.00000 0.00000 0.00000 0.00000 0.00000 0.00085 0.00000 0.00000 0.00000 0.00000 0.64156 16.76991 0.01444 461.00000 16.72650 193.74870 282.47760 353.51882 416.50192 475.58308 513.15136 539.36422 623.11231 750.99114 902.64767 1247.43581 28944815.67479 260.56602 0.99912 0.99529 0.99147 0.99147 0.98767 0.98767 0.98389 0.98389 0.98012 29.90000 
-0.00000 0.00099 106.48440 0.00412 0.48179 3.12500 0.00000 54.00000 60.00000 67.00000 77.00000 92.00000 1111.71008 105.70000 141.00000 199.90000 378.80000 138643.00000 270447.00000 9804.79651 0.00000 0.00000 0.00000 0.00000 0.00000 0.00086 0.00000 0.00000 0.00000 0.00000 0.72144 17.15231 0.01512 459.00000 17.10492 193.74870 282.47760 353.51882 416.50192 475.58308 513.15136 539.36422 623.11231 750.99114 902.64767 1247.43581 29479662.77696 260.56602 0.99905 0.99505 0.99107 0.99107 0.98711 0.98711 0.98316 0.98316 0.97924 29.50000 
0.00003 0.00099 109.60940 0.00413 0.46658 3.12500 0.00012 55.00000 60.00000 67.90000 78.00000 87.00000 1129.06276 100.00000 130.80000 199.90000 328.80000 138643.00000 269846.00000 9886.22563 0.00000 0.00000 0.00000 0.00000 0.00000 0.00086 0.00000 0.00000 0.00000 0.00000 0.72144 17.13297 0.01522 456.00000 17.08933 195.74497 284.26611 356.19826 418.88220 477.71970 518.25996 545.08429 634.09939 767.49679 910.80397 1247.43581 29479662.77696 262.75164 0.99940 0.99538 0.99139 0.99139 0.98742 0.98742 0.98346 0.98346 0.97953 29.55000 
-0.00001 0.00102 112.73440 0.00425 0.45137 3.12500 0.00016 55.00000 61.00000 67.10000 78.00000 87.00000 1163.43096 100.00000 129.90000 196.60000 328.80000 141885.00000 278060.00000 9900.44221 0.00000 0.00000 0.00000 0.00000 0.00000 0.00089 0.00000 0.00000 0.00000 0.00000 0.76428 17.63342 0.01526 456.00000 17.58648 195.74497 284.26611 356.19826 418.88220 477.71970 518.25996 545.08429 634.09939 767.49679 910.80397 1247.50232 29817603.15487 262.75164 0.99899 0.99522 0.99147 0.99147 0.98774 0.98774 0.98403 0.98403 0.98033 30.35000 
0.00000 0.00101 115.85940 0.00441 0.43616 3.12500 -0.00002 55.00000 61.00000 67.10000 78.30000 89.00000 1154.78151 104.90000 129.90000 187.00000 343.90000 141885.00000 274838.00000 9900.44221 0.00000 0.00000 0.00000 0.00000 0.00000 0.00088 0.00000 0.00000 0.00000 0.00000 0.76428 17.42729 0.01522 456.00000 17.38877 195.74497 285.80902 362.73535 428.56395 486.96702 524.20103 552.78947 637.51743 767.49679 923.26078 1247.26662 29817603.15487 264.29407 0.99920 0.99541 0.99163 0.99163 0.98787 0.98787 0.98413 0.98413 0.98041 30.15000 
-0.00000 0.00101 118.98440 0.00439 0.42096 3.12500 0.00012 54.30000 61.00000 67.10000 78.60000 89.00000 1161.76371 106.00000 128.00000 187.00000 367.20000 138707.00000 275338.00000 9856.63021 0.00000 0.00000 0.00000 0.00000 0.00000 0.00088 0.00000 0.00000 0.00000 0.00000 0.75421 17.45943 0.01518 460.00000 17.41517 198.31487 288.64280 362.55895 425.93777 484.35933 524.61759 552.47313 637.89733 770.70512 923.26078 1247.26662 29722777.75914 264.29407 0.99938 0.99549 0.99163 0.99163 0.98778 0.98778 0.98396 0.98396 0.98015 29.95000 
0.00000 0.00101 122.10940 0.00451 0.40575 3.12500 0.00010 54.30000 61.00000 70.00000 78.70000 92.00000 1154.78151 106.00000 128.00000 195.70000 409.40000 138054.00000 274838.00000 9824.89075 0.00000 0.00000 0.00000 0.00000 0.00000 0.00088 0.00000 0.00000 0.00000 0.00000 0.74124 17.42729 0.01518 462.00000 17.38877 198.31487 288.64280 362.55895 425.93777 484.35933 524.61759 552.47313 637.89733 770.70512 923.26078 1246.82565 29342910.94560 264.29407 0.99861 0.99494 0.99128 0.99128 0.98763 0.98763 0.98401 0.98401 0.98039 30.40000 
0.00007 0.00101 125.23440 0.00461 0.39054 3.12500 0.00012 55.00000 60.90000 70.00000 78.60000 92.00000 1161.76371 106.00000 135.60000 210.10000 472.60000 138707.00000 275338.00000 9856.63021 0.00000 0.00000 0.00000 0.00000 0.00000 0.00088 0.00000 0.00000 0.00000 0.00000 0.75421 17.45943 0.01518 463.00000 17.41517 198.31487 288.64280 362.55895 425.93777 484.35933 524.61759 552.47313 637.89733 770.96392 926.28480 1246.82565 29342910.94560 265.71674 0.99946 0.99532 0.99121 0.99121 0.98711 0.98711 0.98304 0.98304 0.97899 29.25000 
0.00000 0.00109 128.35940 0.00472 0.37533 3.12500 0.00006 56.00000 62.10000 71.40000 81.70000 95.00000 1247.22785 109.00000 141.00000 215.20000 472.60000 146344.00000 295362.00000 10567.41269 0.00000 0.00000 0.00000 0.00000 0.00000 0.00094 0.00000 0.00000 0.00000 0.00000 0.74124 18.66158 0.01599 463.00000 18.60964 197.90378 285.76419 359.47573 423.34598 481.19131 522.59325 550.13379 636.04146 770.06694 921.88054 1247.00571 28249300.88518 266.20566 0.99881 0.99504 0.99129 0.99129 0.98757 0.98757 0.98385 0.98385 0.98016 30.30000 
-0.00003 0.00109 131.48440 0.00478 0.36012 3.12500 0.00005 56.00000 62.10000 69.00000 79.50000 92.00000 1247.22785 105.00000 135.60000 210.10000 472.60000 146344.00000 295362.00000 10567.41269 0.00000 0.00000 0.00000 0.00000 0.00000 0.00094 0.00000 0.00000 0.00000 0.00000 0.73350 18.66158 0.01599 453.00000 18.60964 197.90378 285.76419 359.47573 423.34598 481.19131 522.59325 550.13379 636.04146 770.06694 921.88054 1247.00571 28309772.96183 266.20566 0.99916 0.99516 0.99118 0.99118 0.98722 0.98722 0.98327 0.98327 0.97935 29.50000 
-0.00004 0.00105 134.60940 0.00483 0.34492 3.12500 0.00006 56.00000 62.10000 71.00000 79.50000 90.00000 1173.01639 105.00000 128.00000 208.40000 481.00000 143080.00000 286216.00000 9895.30298 0.00000 0.00000 0.00000 0.00000 0.00000 0.00091 0.00000 0.00000 0.00000 0.00000 0.72417 18.05729 0.01549 453.00000 18.00944 197.90378 285.76419 359.47573 423.34598 481.19131 522.59325 550.13379 636.04146 770.06694 921.88054 1247.00571 28309772.96183 265.94049 0.99870 0.99497 0.99126 0.99126 0.98757 0.98757 0.98389 0.98389 0.98023 30.25000 
-0.00001 0.00101 137.73440 0.00489 0.32971 3.12500 0.00011 55.00000 61.30000 69.00000 79.00000 89.00000 1171.93191 103.90000 127.90000 208.00000 383.00000 141073.00000 275404.00000 9869.15367 0.00000 0.00000 0.00000 0.00000 0.00000 0.00088 0.00000 0.00000 0.00000 0.00000 0.72417 17.43190 0.01491 465.00000 17.38752 200.71488 291.70847 365.13798 428.69368 487.24098 527.54478 556.27887 644.25099 775.80968 928.04450 1247.28863 31279185.09533 265.94049 0.99906 0.99508 0.99111 0.99111 0.98716 0.98716 0.98322 0.98322 0.97931 29.65000 
0.00000 0.00100 140.85940 0.00500 0.31450 3.12500 0.00009 54.00000 61.30000 69.50000 77.10000 88.50000 1087.40800 103.00000 124.50000 193.00000 384.50000 143080.00000 271852.00000 9723.84257 0.00000 0.00000 0.00000 0.00000 0.00000 0.00086 0.00000 0.00000 0.00000 0.00000 0.72792 17.15658 0.01515 466.00000 17.11237 200.71488 291.70847 365.13798 428.69368 487.24098 527.54478 556.27887 644.25099 775.95090 928.04856 1259.04654 32595805.21982 267.20656 0.99897 0.99515 0.99135 0.99135 0.98756 0.98756 0.98379 0.98379 0.98004 30.00000 
0.00006 0.00100 143.98440 0.00509 0.29929 3.12500 0.00014 53.00000 60.50000 69.50000 79.00000 88.50000 1087.40800 101.70000 121.90000 180.50000 362.00000 141470.00000 271852.00000 9723.84257 0.00000 0.00000 0.00000 0.00000 0.00000 0.00086 0.00000 0.00000 0.00000 0.00000 0.73481 17.15658 0.01515 466.00000 17.11237 203.60583 295.28454 368.74809 432.06072 492.24502 537.15328 566.24119 664.48355 799.30783 945.97789 1259.33720 32595805.21982 271.93995 0.99923 0.99541 0.99162 0.99162 0.98784 0.98784 0.98408 0.98408 0.98034 30.15000 
0.00000 0.00106 147.10940 0.00524 0.28408 3.12500 0.00001 54.00000 60.90000 70.00000 79.30000 89.00000 1174.31837 103.00000 124.50000 193.00000 384.50000 141470.00000 287708.00000 9723.84257 0.00000 0.00000 0.00000 0.00000 0.00000 0.00091 0.00000 0.00000 0.00000 0.00000 0.72792 18.11948 0.01553 466.00000 18.07522 193.73877 287.34079 365.22337 429.01752 487.88786 524.35532 553.47714 641.95920 775.95090 929.46636 1259.42587 32356269.98999 267.20656 0.99938 0.99540 0.99144 0.99144 0.98749 0.98749 0.98356 0.98356 0.97966 29.55000 
-0.00002 0.00106 150.23440 0.00524 0.26888 3.12500 0.00009 54.60000 60.90000 70.00000 79.30000 89.00000 1174.31837 103.10000 129.40000 195.30000 373.00000 136495.00000 287708.00000 9553.21713 0.00000 0.00000 0.00000 0.00000 0.00000 0.00091 0.00000 0.00000 0.00000 0.00000 0.75620 18.11948 0.01553 468.00000 18.07522 205.63067 296.26353 370.79765 432.06072 491.47928 534.01719 562.77568 650.84255 786.87032 939.25498 1259.69307 32356269.98999 266.68741 0.99863 0.99481 0.99100 0.99100 0.98721 0.98721 0.98343 0.98343 0.97967 29.90000 
-0.00002 0.00104 153.35940 0.00534 0.25367 3.12500 0.00007 54.80000 61.00000 71.00000 79.30000 89.00000 1125.11952 103.10000 129.40000 195.30000 429.00000 136495.00000 282405.00000 9522.53106 0.00000 0.00000 0.00000 0.00000 0.00000 0.00090 0.00000 0.00000 0.00000 0.00000 0.75427 17.79159 0.01531 468.00000 17.74004 202.26850 296.49749 371.25888 433.59949 491.47928 534.01719 562.77568 650.84255 786.87032 939.25498 1259.69307 33509578.72685 266.68741 0.99877 0.99492 0.99109 0.99109 0.98728 0.98728 0.98349 0.98349 0.97971 30.05000 
0.00000 0.00101 156.48440 0.00541 0.23846 1.56250 0.00011 54.60000 61.50000 69.00000 78.90000 89.00000 1084.66008 103.10000 129.40000 195.30000 373.00000 136495.00000 275738.00000 9408.47748 0.00000 0.00000 0.00000 0.00000 0.00000 0.00087 0.00000 0.00000 0.00000 0.00000 0.75427 17.29421 0.01507 480.00000 17.24499 203.09984 296.51852 372.13075 434.36499 494.09408 534.91210 564.31077 654.61182 789.69706 944.83526 1259.75612 34103855.78863 268.97274 0.99922 0.99533 0.99147 0.99147 0.98763 0.98763 0.98380 0.98380 0.97999 30.15000 
0.00003 0.00101 158.04690 0.00552 0.23086 1.56250 0.00007 54.80000 62.00000 69.00000 78.90000 89.00000 1084.66008 105.10000 132.20000 194.90000 392.60000 137870.00000 275738.00000 9408.47748 0.00000 0.00000 0.00000 0.00000 0.00000 0.00087 0.00000 0.00000 0.00000 0.00000 0.68548 17.29421 0.01507 480.00000 17.24499 203.09984 296.51852 372.84932 434.36499 494.09408 535.99078 564.31077 654.61182 792.75355 947.59771 1259.43164 36314548.68524 269.19381 0.99916 0.99520 0.99126 0.99126 0.98734 0.98734 0.98344 0.98344 0.97956 29.75000 
0.00001 0.00104 159.60940 0.00559 0.22325 1.56250 0.00005 54.50000 61.50000 69.00000 78.00000 89.00000 1060.53077 105.10000 134.50000 202.00000 392.60000 138331.00000 283595.00000 9137.10780 0.00000 0.00000 0.00000 0.00000 0.00000 0.00090 0.00000 0.00000 0.00000 0.00000 0.68548 17.82960 0.01518 480.00000 17.78089 204.48860 297.88858 372.13075 434.17586 491.44322 535.99078 562.97600 653.57763 794.60643 948.75224 1259.66424 36372334.63043 269.70842 0.99906 0.99502 0.99100 0.99100 0.98701 0.98701 0.98303 0.98303 0.97908 29.80000 
0.00000 0.00105 161.17190 0.00564 0.21565 1.56250 0.00001 53.00000 59.00000 67.00000 77.00000 89.00000 1086.57088 102.90000 132.20000 201.60000 476.30000 138331.00000 285245.00000 9137.10780 0.00000 0.00000 0.00000 0.00000 0.00000 0.00090 0.00000 0.00000 0.00000 0.00000 0.68548 17.95090 0.01518 485.00000 17.89315 205.21649 298.36336 373.32659 434.17586 491.44322 535.99078 562.97600 653.57763 794.60643 948.75224 1259.66424 37119182.81845 269.70842 0.99920 0.99521 0.99124 0.99124 0.98729 0.98729 0.98335 0.98335 0.97944 29.75000 
0.00002 0.00105 162.73440 0.00565 0.20804 1.56250 0.00001 53.00000 59.00000 65.70000 76.00000 88.50000 1076.50368 102.70000 127.00000 201.80000 476.30000 138331.00000 286263.00000 9137.10780 0.00000 0.00000 0.00000 0.00000 0.00000 0.00091 0.00000 0.00000 0.00000 0.00000 0.70739 18.00233 0.01538 490.00000 17.94214 206.46208 299.46325 373.86107 435.16284 493.77873 538.06356 565.52036 658.04179 796.15503 949.72297 1271.50807 39661741.14436 269.70842 0.99955 0.99527 0.99101 0.99101 0.98677 0.98677 0.98255 0.98255 0.97836 28.90000 
0.00000 0.00108 164.29690 0.00566 0.20044 1.56250 0.00005 53.00000 59.00000 67.00000 76.00000 90.00000 1088.72137 102.70000 127.00000 201.60000 452.80000 140167.00000 292809.00000 9197.08431 0.00000 0.00000 0.00000 0.00000 0.00000 0.00093 0.00000 0.00000 0.00000 0.00000 0.70739 18.44527 0.01543 486.00000 18.38746 206.46208 299.46325 373.86107 435.16284 493.77873 538.06356 565.52036 658.90371 805.79082 954.61541 1271.50807 37119182.81845 273.20558 0.99917 0.99536 0.99157 0.99157 0.98780 0.98780 0.98404 0.98404 0.98031 30.15000 
0.00004 0.00108 165.85940 0.00571 0.19284 1.56250 0.00009 53.80000 60.00000 67.00000 76.00000 91.00000 1158.57312 104.30000 137.00000 201.80000 452.80000 140167.00000 293119.00000 9410.18735 0.00000 0.00000 0.00000 0.00000 0.00000 0.00093 0.00000 0.00000 0.00000 0.00000 0.70739 18.47497 0.01561 490.00000 18.42018 205.28466 299.55287 373.86107 435.16284 493.77873 538.06356 565.52036 658.90371 805.79082 954.61541 1271.50807 34778425.69551 273.20558 0.99868 0.99502 0.99137 0.99137 0.98774 0.98774 0.98413 0.98413 0.98054 30.80000 
0.00000 0.00112 167.42190 0.00580 0.18523 1.56250 0.00004 55.00000 60.00000 67.40000 76.70000 92.00000 1200.97233 108.20000 149.20000 232.50000 576.00000 136042.00000 303846.00000 9750.53976 0.00000 0.00000 0.00000 0.00000 0.00000 0.00096 0.00000 0.00000 0.00000 0.00000 0.72309 19.14457 0.01568 488.00000 19.08358 205.28466 298.71981 371.79436 432.73258 493.79686 541.92812 571.27204 673.01223 812.23732 955.23872 1270.02664 34236483.71398 273.48308 0.99867 0.99482 0.99098 0.99098 0.98717 0.98717 0.98337 0.98337 0.97959 30.00000 
0.00000 0.00112 168.98440 0.00585 0.17763 1.56250 0.00006 55.00000 62.00000 71.00000 80.90000 92.00000 1200.97233 105.20000 149.20000 248.30000 582.40000 136042.00000 303846.00000 9592.55809 0.00000 0.00000 0.00000 0.00000 0.00000 0.00096 0.00000 0.00000 0.00000 0.00000 0.72309 19.14457 0.01561 490.00000 19.08358 205.28466 298.99492 374.56535 437.18495 498.50127 545.49259 573.55106 673.01223 816.75001 963.49643 1268.68777 34276443.73887 275.96194 0.99898 0.99504 0.99112 0.99112 0.98722 0.98722 0.98333 0.98333 0.97947 29.70000 
0.00002 0.00112 170.54690 0.00591 0.17003 1.56250 0.00003 56.00000 63.70000 71.00000 81.00000 92.00000 1198.64542 105.90000 150.30000 248.30000 584.50000 136042.00000 304928.00000 9592.55809 0.00000 0.00000 0.00000 0.00000 0.00000 0.00096 0.00000 0.00000 0.00000 0.00000 0.72309 19.14457 0.01554 490.00000 19.08358 204.42649 298.99492 374.43660 437.36327 498.86144 541.92812 572.66774 672.11805 812.23732 957.41705 1268.68777 34276443.73887 273.48308 0.99890 0.99498 0.99109 0.99109 0.98722 0.98722 0.98336 0.98336 0.97953 30.05000 
0.00000 0.00114 172.10940 0.00594 0.16242 1.56250 0.00005 55.00000 64.00000 71.00000 81.00000 94.00000 1173.34848 105.90000 146.40000 226.40000 584.50000 131756.00000 309764.00000 9102.73576 0.00000 0.00000 0.00000 0.00000 0.00000 0.00098 0.00000 0.00000 0.00000 0.00000 0.65350 19.47696 0.01554 504.00000 19.40476 204.42649 299.31694 375.45594 438.44482 500.94753 546.15726 574.80805 672.11805 817.22249 966.85848 1271.61604 37600826.89258 274.99826 0.99912 0.99522 0.99134 0.99134 0.98747 0.98747 0.98363 0.98363 0.97980 29.80000 
0.00000 0.00114 173.67190 0.00599 0.15482 1.56250 0.00005 55.00000 64.00000 72.00000 81.00000 95.00000 1173.34848 110.50000 150.30000 218.00000 565.60000 131756.00000 310576.00000 9102.73576 0.00000 0.00000 0.00000 0.00000 0.00000 0.00098 0.00000 0.00000 0.00000 0.00000 0.65350 19.52424 0.01555 516.00000 19.45647 204.89453 299.31694 374.43660 438.47016 500.94753 546.15726 575.98919 672.20212 817.22249 966.85848 1271.61604 38209161.92918 274.99826 0.99931 0.99535 0.99141 0.99141 0.98749 0.98749 0.98358 0.98358 0.97970 29.55000 
0.00003 0.00114 175.23440 0.00604 0.14721 1.56250 0.00007 55.00000 63.00000 71.00000 81.00000 95.00000 1171.98491 110.50000 140.60000 213.00000 514.60000 140789.00000 310576.00000 9818.42616 0.00000 0.00000 0.00000 0.00000 0.00000 0.00098 0.00000 0.00000 0.00000 0.00000 0.72189 19.52424 0.01578 516.00000 19.45647 206.79161 299.03278 373.40596 438.47016 500.94753 546.15726 575.98919 672.20212 817.22249 966.85848 1270.99938 39791595.97517 275.65182 0.99917 0.99531 0.99146 0.99146 0.98764 0.98764 0.98383 0.98383 0.98004 30.10000 
0.00000 0.00117 176.79690 0.00611 0.13961 1.56250 0.00008 55.00000 60.00000 68.80000 81.00000 92.00000 1138.62362 112.30000 140.60000 218.00000 565.00000 140789.00000 318729.00000 9818.42616 0.00000 0.00000 0.00000 0.00000 0.00000 0.00101 0.00000 0.00000 0.00000 0.00000 0.72189 19.95300 0.01578 518.00000 19.86880 206.79161 299.03278 373.40596 437.98166 503.21730 550.00382 580.35796 680.48560 827.04946 975.77075 1270.99938 41295110.05536 279.26013 0.99881 0.99495 0.99111 0.99111 0.98730 0.98730 0.98350 0.98350 0.97972 30.25000 
0.00005 0.00117 178.35940 0.00619 0.13201 1.56250 0.00024 54.50000 60.00000 68.00000 81.00000 92.00000 1126.25088 112.00000 140.60000 230.10000 514.60000 141346.00000 318729.00000 9447.28342 0.00000 0.00000 0.00000 0.00000 0.00000 0.00101 0.00000 0.00000 0.00000 0.00000 0.68650 19.95300 0.01578 528.00000 19.86880 207.06163 302.79481 374.54539 437.98166 503.21730 548.50971 576.76213 669.33038 822.68847 975.77075 1274.92956 43893605.14838 278.27739 0.99877 0.99486 0.99096 0.99096 0.98709 0.98709 0.98323 0.98323 0.97939 29.75000 
0.00002 0.00122 179.92190 0.00643 0.12440 1.56250 0.00040 54.00000 60.00000 67.50000 81.00000 93.00000 1126.25088 112.30000 152.60000 232.00000 565.00000 140604.00000 330967.00000 9447.28342 0.00000 0.00000 0.00000 0.00000 0.00000 0.00104 0.00000 0.00000 0.00000 0.00000 0.67120 20.73373 0.01658 545.00000 20.65538 207.11819 303.00943 374.54539 437.98166 503.21730 548.50971 576.76213 668.36369 822.68847 975.77075 1276.28972 45278046.03607 278.27739 0.99899 0.99517 0.99136 0.99136 0.98758 0.98758 0.98381 0.98381 0.98006 30.15000 
0.00006 0.00124 181.48440 0.00682 0.11680 1.56250 0.00049 54.00000 60.00000 67.50000 81.00000 95.50000 1103.22333 115.10000 153.40000 256.90000 537.00000 141346.00000 337048.00000 9447.28342 0.00000 0.00000 0.00000 0.00000 0.00000 0.00106 0.00000 0.00000 0.00000 0.00000 0.68650 20.97753 0.01658 559.00000 20.90197 211.03734 302.79481 372.68099 434.10805 493.47794 536.53331 561.46089 646.74459 783.50556 952.89607 1274.92956 49201320.54087 268.38438 0.99884 0.99513 0.99144 0.99144 0.98777 0.98777 0.98411 0.98411 0.98047 30.40000 
0.00000 0.00130 183.04690 0.00732 0.10919 1.56250 0.00040 54.00000 61.00000 72.60000 83.00000 98.00000 1097.87622 115.40000 153.40000 256.90000 596.30000 151043.00000 352294.00000 9369.81212 0.00000 0.00000 0.00000 0.00000 0.00000 0.00110 0.00000 0.00000 0.00000 0.00000 0.75484 21.88524 0.01637 603.00000 21.80069 211.87506 303.18974 367.63967 424.68641 481.90015 525.43276 550.43313 633.37606 757.43771 930.17466 1272.03909 49360204.64498 261.59612 0.99864 0.99502 0.99142 0.99142 0.98784 0.98784 0.98428 0.98428 0.98073 31.20000 
0.00013 0.00130 184.60940 0.00772 0.10159 1.56250 0.00029 54.00000 61.00000 72.60000 83.00000 98.00000 1097.87622 118.00000 163.00000 256.90000 596.30000 151450.00000 352294.00000 9353.13171 0.00000 0.00000 0.00000 0.00000 0.00000 0.00110 0.00000 0.00000 0.00000 0.00000 0.75962 21.88524 0.01637 654.00000 21.80069 215.04829 303.18974 367.63967 424.68641 481.90015 525.43276 550.43313 633.37606 757.43771 930.17466 1271.92660 59419040.77536 260.09696 0.99873 0.99531 0.99191 0.99191 0.98852 0.98852 0.98515 0.98515 0.98180 31.90000 
0.00021 0.00142 186.17190 0.00800 0.09399 2.34375 0.00060 54.50000 63.00000 74.00000 85.00000 98.50000 1100.33807 120.00000 169.00000 272.60000 674.80000 153701.00000 387319.00000 9155.36586 0.00000 0.00000 0.00000 0.00000 0.00000 0.00121 0.00000 0.00000 0.00000 0.00000 0.75484 23.96319 0.01683 682.00000 23.85702 217.96341 303.18974 367.63967 424.03781 480.38723 523.58829 551.11974 630.97507 745.62879 919.97890 1272.03909 65284229.66052 257.09140 0.99863 0.99534 0.99206 0.99206 0.98879 0.98879 0.98554 0.98554 0.98230 32.10000 
0.00009 0.00164 188.51565 0.00860 0.08258 0.78125 0.00018 55.70000 63.00000 74.00000 86.00000 102.00000 1156.19704 123.50000 170.90000 272.60000 742.10000 157107.00000 444902.00000 9155.36586 0.00000 0.00000 0.00000 0.00000 0.00000 0.00139 0.00000 0.00000 0.00000 0.00000 0.72849 27.60258 0.01715 775.00000 27.44629 217.96341 302.75450 367.19668 423.87720 480.38723 523.58829 551.11974 631.78670 745.62879 919.97890 1271.92660 71485509.05563 256.56159 0.99890 0.99543 0.99198 0.99198 0.98855 0.98855 0.98514 0.98514 0.98174 31.95000 
0.00027 0.00173 189.29690 0.00878 0.07878 0.78125 0.00020 57.90000 65.00000 75.30000 87.00000 103.00000 1202.43784 127.00000 178.40000 285.00000 742.10000 159815.00000 469416.00000 9155.36586 0.00000 0.00000 0.00000 0.00000 0.00000 0.00147 0.00000 0.00000 0.00000 0.00000 0.69527 29.18389 0.01764 821.00000 29.01434 214.85488 298.38702 363.17736 419.33322 475.11653 519.18106 546.71711 630.97507 742.06929 909.91280 1272.74124 85368941.33857 255.50591 0.99900 0.99561 0.99225 0.99225 0.98889 0.98889 0.98556 0.98556 0.98224 32.55000 
0.00003 0.00200 190.07815 0.00898 0.07498 0.78125 0.00005 57.90000 65.00000 75.30000 87.00000 106.00000 1271.34713 128.00000 179.00000 286.70000 724.00000 164105.00000 543843.00000 9787.32744 0.00000 0.00000 0.00000 0.00000 0.00000 0.00172 0.00000 0.00000 0.00000 0.00000 0.72593 34.04392 0.01948 860.00000 33.79836 213.91400 297.93245 362.75669 419.10353 473.86372 518.05246 544.46411 629.94343 738.58108 906.77846 1276.36206 88577644.87598 254.33122 0.99867 0.99540 0.99215 0.99215 0.98891 0.98891 0.98568 0.98568 0.98247 32.75000 
0.00013 0.00203 190.85940 0.00904 0.07117 0.78125 0.00018 56.00000 64.00000 73.00000 87.00000 109.00000 1313.63043 130.00000 185.80000 288.00000 724.00000 167584.00000 553036.00000 9950.49228 0.00000 0.00000 0.00000 0.00000 0.00000 0.00174 0.00000 0.00000 0.00000 0.00000 0.72593 34.53715 0.01949 892.00000 34.27270 213.94228 297.17164 360.59699 415.52637 468.92570 510.39568 535.87440 621.22721 726.05440 889.77485 1276.36206 96287964.58137 250.82511 0.99899 0.99567 0.99236 0.99236 0.98907 0.98907 0.98579 0.98579 0.98253 32.70000 
0.00000 0.00216 191.64065 0.00921 0.06737 0.78125 0.00016 56.00000 64.00000 73.00000 86.10000 106.00000 1271.34713 128.00000 179.00000 293.50000 742.00000 167907.00000 587550.00000 9787.32744 0.00000 0.00000 0.00000 0.00000 0.00000 0.00185 0.00000 0.00000 0.00000 0.00000 0.72593 36.77896 0.01949 925.00000 36.47633 213.94228 297.17164 360.59699 415.52637 468.92570 510.39568 535.87440 621.22721 726.05440 889.77485 1276.56996 100390747.51325 250.82511 0.99873 0.99543 0.99216 0.99216 0.98889 0.98889 0.98565 0.98565 0.98241 32.95000 
0.00009 0.00217 192.42190 0.00938 0.06357 0.78125 0.00020 56.00000 64.00000 73.00000 86.10000 109.00000 1313.13889 134.90000 185.80000 317.40000 743.30000 167907.00000 588767.00000 9568.12840 0.00000 0.00000 0.00000 0.00000 0.00000 0.00185 0.00000 0.00000 0.00000 0.00000 0.72480 36.79455 0.01942 992.00000 36.47975 215.22447 297.17164 360.59699 415.52637 468.92570 510.39568 534.95642 619.48400 724.09329 885.13922 1274.87404 110645666.01767 248.10810 0.99869 0.99544 0.99221 0.99221 0.98900 0.98900 0.98580 0.98580 0.98261 33.10000 
0.00022 0.00226 193.20315 0.00958 0.05977 0.78125 0.00017 56.70000 65.00000 75.00000 85.00000 112.00000 1313.13889 143.40000 201.40000 317.90000 743.30000 167907.00000 614549.00000 9568.12840 0.00000 0.00000 0.00000 0.00000 0.00000 0.00193 0.00000 0.00000 0.00000 0.00000 0.72480 38.33711 0.01942 1008.00000 37.99664 215.22447 295.98694 358.86249 413.64419 468.80438 508.84296 536.36147 620.54840 725.07296 875.69923 1274.87404 117971168.97725 245.56377 0.99887 0.99553 0.99220 0.99220 0.98889 0.98889 0.98560 0.98560 0.98232 32.85000 
0.00011 0.00248 193.98440 0.00975 0.05597 0.78125 0.00014 57.00000 65.00000 75.00000 89.00000 112.00000 1399.34440 143.40000 202.90000 330.20000 778.70000 175142.00000 674484.00000 10224.34580 0.00000 0.00000 0.00000 0.00000 0.00000 0.00213 0.00000 0.00000 0.00000 0.00000 0.73464 42.25723 0.02089 1044.00000 41.83244 215.22447 295.44524 357.62829 411.92540 466.53795 508.84296 534.81926 620.49154 725.07296 875.69923 1271.47137 117971168.97725 245.56377 0.99909 0.99574 0.99241 0.99241 0.98910 0.98910 0.98580 0.98580 0.98252 32.80000 
0.00018 0.00259 194.76565 0.00989 0.05216 0.78125 0.00020 56.70000 65.00000 75.00000 88.60000 112.00000 1429.88615 143.40000 202.90000 333.20000 801.60000 182451.00000 704799.00000 10429.74507 0.00000 0.00000 0.00000 0.00000 0.00000 0.00223 0.00000 0.00000 0.00000 0.00000 0.77509 44.26787 0.02102 1073.00000 43.79939 214.53988 295.44524 357.62829 411.92540 466.53795 508.84296 534.81926 620.49154 725.07296 875.69923 1271.47137 117974653.87086 245.56377 0.99866 0.99554 0.99244 0.99244 0.98935 0.98935 0.98628 0.98628 0.98322 33.55000 
0.00014 0.00277 195.54690 0.01009 0.04836 0.78125 0.00011 55.00000 63.90000 74.00000 88.60000 112.00000 1462.23859 149.70000 203.00000 337.40000 804.80000 184146.00000 753550.00000 10530.98898 0.00000 0.00000 0.00000 0.00000 0.00000 0.00238 0.00000 0.00000 0.00000 0.00000 0.77054 47.28920 0.02170 1135.00000 46.74090 213.69175 291.81510 353.07081 408.53938 463.26531 503.26133 530.09664 615.76727 717.78143 861.67145 1271.75509 139505046.08032 243.25854 0.99877 0.99574 0.99271 0.99271 0.98970 0.98970 0.98671 0.98671 0.98372 33.90000 
0.00010 0.00292 196.32815 0.01020 0.04456 0.78125 0.00022 55.00000 63.90000 74.00000 88.00000 112.00000 1476.33520 149.70000 210.00000 351.40000 804.80000 186242.00000 792792.00000 10581.90781 0.00000 0.00000 0.00000 0.00000 0.00000 0.00251 0.00000 0.00000 0.00000 0.00000 0.77054 49.74403 0.02221 1153.00000 49.08961 212.57791 289.63246 351.31092 406.86147 461.38519 502.04751 528.16789 614.73122 717.78143 861.67145 1272.55034 143909066.80106 243.11334 0.99928 0.99596 0.99267 0.99267 0.98938 0.98938 0.98612 0.98612 0.98287 33.50000 
0.00024 0.00301 197.10940 0.01042 0.04076 0.78125 0.00009 55.00000 64.00000 75.00000 88.00000 112.00000 1490.60545 149.70000 216.00000 363.50000 840.00000 191601.00000 819833.00000 10777.34592 0.00000 0.00000 0.00000 0.00000 0.00000 0.00260 0.00000 0.00000 0.00000 0.00000 0.77054 51.55388 0.02253 1194.00000 50.81958 211.50808 289.00598 349.91865 405.00657 459.49118 499.97591 526.79594 613.28758 715.94355 857.41112 1272.29950 151593244.96139 242.55246 0.99904 0.99586 0.99269 0.99269 0.98954 0.98954 0.98641 0.98641 0.98329 33.95000 
0.00008 0.00326 197.89065 0.01051 0.03696 0.78125 0.00029 55.00000 64.00000 75.00000 89.00000 112.00000 1541.53990 148.50000 220.80000 374.30000 903.80000 191209.00000 885486.00000 10768.99499 0.00000 0.00000 0.00000 0.00000 0.00000 0.00280 0.00000 0.00000 0.00000 0.00000 0.78846 55.55428 0.02317 1244.00000 54.72935 212.57791 289.63246 351.31092 406.86147 461.38519 502.04751 528.16789 614.73122 718.26174 862.89349 1272.52340 159843452.19585 243.11334 0.99912 0.99591 0.99272 0.99272 0.98954 0.98954 0.98638 0.98638 0.98323 33.75000 
0.00034 0.00334 198.67190 0.01080 0.03315 0.78125 0.00041 56.00000 65.00000 76.00000 90.00000 109.00000 1564.46290 151.80000 231.40000 381.90000 903.80000 191601.00000 907967.00000 10954.47697 0.00000 0.00000 0.00000 0.00000 0.00000 0.00287 0.00000 0.00000 0.00000 0.00000 0.80695 57.02327 0.02334 1293.00000 56.21643 211.40357 291.82960 355.54411 411.49274 466.16455 508.15012 535.36124 623.79078 727.19241 873.12481 1272.29950 175988646.31310 246.39376 0.99958 0.99639 0.99322 0.99322 0.99006 0.99006 0.98692 0.98692 0.98380 34.15000 
0.00018 0.00368 199.45315 0.01121 0.02935 0.78125 0.00024 56.00000 64.10000 76.20000 91.00000 109.00000 1621.71151 150.00000 231.40000 392.50000 900.40000 200819.00000 1000596.00000 11707.10424 0.00000 0.00000 0.00000 0.00000 0.00000 0.00317 0.00000 0.00000 0.00000 0.00023 0.83295 62.89241 0.02407 1341.00000 61.82601 211.34873 291.82960 355.54411 411.49274 466.16455 508.15012 535.36124 623.79078 727.19241 873.12481 1272.21511 193872831.06843 246.39376 0.99957 0.99630 0.99305 0.99305 0.98981 0.98981 0.98659 0.98659 0.98338 33.55000 
0.00037 0.00386 200.23440 0.01145 0.02555 0.78125 0.00016 57.00000 64.10000 77.00000 93.70000 113.00000 1631.45412 151.80000 231.40000 392.50000 880.80000 201022.00000 1049025.00000 11839.64000 0.00000 0.00000 0.00000 0.00000 0.00000 0.00333 0.00000 0.00000 0.00000 0.00040 0.83301 66.01337 0.02418 1378.00000 64.81497 208.73639 286.12725 346.88255 403.37895 460.13726 502.33762 529.72616 619.13707 722.43325 866.93647 1271.98567 206138461.92956 247.49242 0.99964 0.99621 0.99281 0.99281 0.98942 0.98942 0.98606 0.98606 0.98271 33.50000 
0.00038 0.00422 201.01565 0.01161 0.02175 0.78125 0.00029 57.00000 64.10000 78.00000 94.00000 115.00000 1706.60178 153.60000 225.00000 384.20000 881.90000 208351.00000 1148543.00000 12442.62656 0.00000 0.00000 0.00000 0.00000 0.00000 0.00365 0.00000 0.00000 0.00000 0.00074 0.83301 72.37500 0.02585 1435.00000 70.99886 207.71976 285.97599 346.73646 402.65172 458.52362 499.35917 525.53490 614.03184 715.06782 855.18125 1271.67953 227185203.73660 244.28191 0.99959 0.99625 0.99293 0.99293 0.98962 0.98962 0.98633 0.98633 0.98306 33.40000 
0.00048 0.00460 201.79690 0.01190 0.01795 0.78125 0.00039 57.00000 66.90000 79.00000 94.00000 115.00000 1773.33994 153.60000 225.00000 384.20000 881.90000 208857.00000 1251978.00000 12780.59895 0.00000 0.00000 0.00000 0.00000 0.00000 0.00397 0.00000 0.00000 0.00000 0.00131 0.82926 78.79142 0.02611 1534.00000 77.28397 204.77021 280.99407 340.31149 396.34561 452.81053 493.08935 519.10249 606.79582 707.99312 846.46831 1271.98567 245425363.22773 243.77627 0.99975 0.99621 0.99270 0.99270 0.98921 0.98921 0.98573 0.98573 0.98228 33.00000 
0.00062 0.00508 202.57815 0.01229 0.01414 0.78125 0.00029 57.00000 67.00000 80.00000 97.00000 119.00000 1874.00543 154.00000 227.00000 414.10000 897.80000 222183.00000 1381142.00000 13249.06436 0.00000 0.00000 0.00000 0.00000 0.00000 0.00438 0.00000 0.00000 0.00000 0.00222 0.82169 86.93918 0.02758 1602.00000 85.07755 202.40088 277.31001 335.61729 391.22759 448.14131 490.77160 516.55404 606.60281 707.77399 843.61035 1270.73810 266210218.63126 242.64715 0.99973 0.99623 0.99275 0.99275 0.98928 0.98928 0.98584 0.98584 0.98241 33.10000 
0.00098 0.00569 203.35940 0.01258 0.01034 0.78125 0.00048 57.00000 66.90000 80.00000 97.00000 119.00000 1987.86264 154.00000 235.00000 416.30000 1071.40000 293267.00000 1548545.00000 15409.85341 0.00000 0.00000 0.00000 0.00000 0.00000 0.00490 0.00000 0.00000 0.00000 0.00313 0.82169 97.18303 0.02924 1668.00000 94.85469 200.26509 275.46019 333.75936 389.95645 448.14131 490.77160 516.55404 606.60281 707.77399 846.46831 1271.15730 294910525.99388 243.77627 0.99982 0.99622 0.99264 0.99264 0.98908 0.98908 0.98555 0.98555 0.98203 33.25000 
0.00174 0.00668 204.14065 0.01306 0.00654 0.78125 0.00092 57.00000 67.00000 80.00000 97.00000 119.00000 2292.10859 154.00000 227.00000 416.30000 1071.40000 351892.00000 1815350.00000 20009.25269 0.00000 0.00000 0.00000 0.00000 0.00000 0.00573 0.00000 0.00000 0.00000 0.00467 0.81554 113.65828 0.03177 1786.00000 110.75472 198.80240 273.93583 333.19287 388.86380 445.55921 486.60125 513.34730 599.49004 700.26556 836.04405 1270.73810 307972295.09432 241.27093 0.99988 0.99606 0.99226 0.99226 0.98848 0.98848 0.98473 0.98473 0.98101 32.75000 
0.00879 0.00841 204.92190 0.01397 0.00274 0.78125 0.00264 57.00000 66.00000 79.00000 98.00000 122.00000 2605.85649 159.70000 242.90000 443.90000 1078.70000 912794.00000 2287942.00000 33809.19858 0.00000 0.00000 0.00000 0.00000 0.00000 0.00720 0.00000 0.00000 0.00000 0.00751 0.86504 142.90698 0.03611 1928.00000 138.66380 198.80240 273.83466 332.39823 388.03097 445.67947 481.82797 509.73315 595.38791 695.39517 832.24666 1269.98736 371010426.75228 240.64188 0.99995 0.99606 0.99220 0.99220 0.98837 0.98837 0.98456 0.98456 0.98077 32.40000 
